1036	1514	365	316	1152	
1973	336	712	41	243	
1252	752	1076	214	1561	
965	1664	490	1855	1356	
1591	693	580	185	736	
714	456	1159	372	1799	
1178	1667	803	40	862	
652	1102	1599	699	521	
668	1631	376	340	223	
1831	160	1099	1669	1394	
1071	719	525	1199	1004	
1527	693	1404	295	783	
267	664	1358	1554	1918	
994	1601	1354	1663	1849	
1768	117	783	351	1801	
211	625	384	124	1956	
1466	599	1809	565	546	
1933	1965	819	1829	1526	
695	77	1301	1601	307	
1045	1388	137	770	75	
1976	743	714	1643	713	
1380	1492	249	343	614	
1862	676	1726	496	476	
1885	223	1824	61	1063	
297	1302	452	14	171	
787	81	502	1138	1348	
151	15	1569	731	22	
571	1547	398	1972	705	
184	17	1529	1002	1041	
538	1865	1568	567	1176	
305	1921	1193	1954	875	
586	192	818	1557	797	
1728	704	1311	1489	341	
43	1135	55	1860	916	
1666	704	1269	268	786	
1219	913	1368	1167	1829	
1527	1684	724	1193	1812	
482	156	800	353	1465	
591	260	349	425	1404	
830	981	659	158	1081	
1025	755	1522	197	78	
191	344	1907	804	1059	
167	1449	59	913	1384	
1128	567	527	1139	481	
45	665	762	1708	1110	
1750	579	341	401	996	
43	1697	1034	351	811	
1197	423	832	1713	1441	
582	1059	377	1116	1178	
1018	449	538	718	1677	
347	752	1558	646	887	
768	1510	1396	1240	51	
1552	1602	902	1080	1806	
1843	1230	300	847	1749	
806	1226	177	615	1928	
634	1529	356	1744	279	
732	656	48	1522	386	
459	1066	1526	1314	587	
246	996	1458	1425	1470	
1622	318	764	1250	1366	
254	674	306	489	274	
328	533	1058	1928	155	
429	346	1761	383	796	
1435	61	1589	54	499	
1390	494	1565	1239	1573	
660	967	1566	110	1745	
1764	1254	674	1176	939	
1363	1776	182	411	292	
378	1318	856	1576	127	
1419	1205	1842	1924	1136	
1684	410	1213	1438	1855	
1953	263	1647	239	249	
1417	1775	1868	1312	1528	
47	1974	1948	37	420	
855	682	1088	602	1852	
172	1576	651	927	1064	
1779	787	1548	928	1040	
895	702	66	1720	396	
879	1491	36	1102	930	
1625	1879	1319	1406	1991	
426	175	1865	441	185	
1963	58	75	252	1224	
719	168	1893	1411	1181	
1929	1106	1312	674	457	
938	853	1022	1415	538	
365	88	1817	1053	1027	
1800	377	282	786	1985	
1292	1974	424	1665	1929	
1217	837	29	1536	71	
731	103	644	337	421	
1208	151	1859	902	1030	
1106	1228	709	613	1872	
1559	1124	751	1250	1254	
1054	614	1513	1283	630	
1466	905	297	1844	1813	
1141	1541	1232	1428	510	
606	804	1900	1371	155	
128	544	1960	1582	653	
1919	1525	116	1301	661	
1365	246	1879	188	1337	
1395	329	860	168	1756	
1438	242	794	1142	1550	
670	1751	1500	1415	26	
1894	911	1431	863	1076	
1495	1531	667	593	41	
1603	371	1167	1533	116	
1049	315	491	488	1417	
413	1703	18	1240	1645	
895	1776	1598	1726	857	
1854	1441	1728	1795	1191	
392	1791	728	1836	1993	
559	1002	1822	1412	55	
280	1826	1274	104	1307	
240	1367	1473	1566	1782	
1613	147	1603	1095	611	
51	810	1379	497	1972	
1122	1323	1695	868	1209	
267	192	1736	1618	1465	
378	786	1962	1469	778	
512	1306	1488	1898	636	
1636	111	1118	975	71	
1983	162	1520	1198	496	
1260	11	565	1139	175	
1312	105	622	565	368	
1670	685	638	1220	1628	
528	1815	746	1337	1289	
1079	601	1178	1988	22	
466	1059	1287	638	447	
1846	761	1240	1669	1004	
685	837	1063	821	317	
443	1982	598	1805	1927	
1448	430	1591	506	1895	
1739	38	1206	1433	504	
1238	787	123	1990	1668	
120	440	1697	727	129	
221	398	207	453	1576	
1268	474	587	275	1009	
838	814	643	811	1164	
1946	1719	1181	341	866	
1932	1561	460	1242	552	
1525	377	884	1113	296	
30	501	1924	1240	1085	
706	1608	1535	354	780	
1950	412	1196	1862	1157	
344	1293	1120	597	627	
1776	532	1909	1542	1752	
350	1302	1692	95	793	
1152	591	189	745	1433	
1037	1616	1921	1591	1658	
868	1724	1784	1614	1946	
1409	1457	1281	1979	1612	
858	348	1003	1780	1481	
863	1972	1132	1368	26	
1306	956	809	1198	1045	
900	1885	1011	524	1705	
976	700	1370	905	1433	
788	1073	1293	872	1237	
1265	1857	329	341	419	
1045	555	1323	1156	1100	
1796	108	673	925	401	
64	1014	908	1800	463	
1349	291	744	110	1605	
335	1724	222	1145	902	
1217	1937	228	1456	959	
1350	332	1912	581	731	
201	1481	1339	1173	1761	
1791	196	769	1123	1466	
1930	1656	1182	1435	1602	
376	228	711	1882	299	
1933	925	769	425	219	
17	876	230	417	1276	
648	1266	1823	32	1636	
1331	1025	827	461	451	
565	357	1189	700	1883	
1476	867	1637	1176	1593	
1583	1268	1818	1614	428	
480	736	1871	1691	694	
447	1406	1783	1873	1741	
85	1528	571	882	961	
1025	640	1611	930	232	
159	82	555	1131	926	
553	288	426	44	1747	
1800	349	1326	188	351	
1105	1161	974	1646	1404	
1144	1892	647	670	400	
1468	240	544	912	310	
1893	13	1043	1969	1372	
1729	1546	738	1413	724	
1429	1277	1992	617	265	
1946	1084	1321	28	1713	
695	1299	1842	1616	1831	
1180	1484	23	569	1633	
1776	918	1429	689	1525	
1896	854	1718	1498	1504	
1220	353	120	1976	1790	
1060	155	1788	1883	477	
1979	1625	846	405	1696	
904	1912	1887	707	2	
1531	1777	96	367	403	
1872	844	1484	1210	1077	
1382	847	1636	1896	0	
1791	1517	1769	1508	466	
1196	1546	817	26	1163	
1310	1249	1333	1743	1642	
1310	1413	1131	880	1519	
40	1866	1657	1642	837	
367	144	557	1534	1314	
277	159	215	1966	1309	
1314	678	1930	1135	1175	
1983	769	1750	146	674	
1512	791	1489	1998	1617	
1713	1371	665	843	716	
1760	147	1394	1140	1244	
1306	905	1230	1709	72	
1692	1579	918	50	106	
1054	901	968	1641	1240	
1467	1448	1826	42	16	
1199	916	801	569	551	
542	779	1537	1369	311	
344	415	1142	1783	1489	
648	1109	1320	744	71	
522	1247	1395	1326	1703	
547	1401	612	995	706	
501	438	1976	981	1595	
755	1318	1370	1080	1498	
1291	1401	1874	321	1875	
745	1694	1010	1339	1230	
592	415	119	658	728	
987	1466	1106	944	100	
1498	400	1174	895	26	
1731	632	1137	1250	1620	
559	1035	1919	1205	1515	
767	793	1246	1103	923	
1058	1209	1814	1011	629	
983	1755	1675	1201	482	
502	855	538	1535	225	
1145	1437	763	420	1011	
666	1264	1461	343	779	
230	1094	1408	995	1652	
1262	1684	1793	1890	739	
394	804	1506	960	1259	
1470	837	1154	582	663	
836	1095	886	952	1021	
1134	1880	967	917	1458	
127	1827	761	1492	253	
434	1835	667	1229	1860	
1949	579	537	1783	810	
500	563	1267	297	594	
637	1536	1558	376	846	
544	1856	655	557	1084	
48	486	1630	1532	998	
1820	598	1717	13	1355	
461	669	733	337	392	
1602	1483	811	1690	1980	
302	464	1648	670	762	
220	1151	1089	21	986	
1981	1358	808	344	1806	
962	1129	911	950	1605	
983	1986	1505	1838	1215	
522	450	147	734	720	
1161	1086	897	1892	162	
1568	220	1970	622	1122	
712	944	757	1529	458	
1281	192	541	157	1789	
562	370	296	1923	1413	
1951	946	1601	1660	180	
1251	1476	855	1557	1486	
55	1756	515	87	746	
682	1480	576	921	121	
796	562	1760	283	1636	
1674	1702	850	1912	1822	
771	1904	293	1739	1363	
525	857	1394	1663	746	
1896	1669	1585	1945	1363	
1644	1818	1213	203	1570	
1996	484	1488	1427	734	
1081	611	682	317	1349	
1430	1858	910	1563	1012	
1978	836	1590	139	1510	
460	263	1276	1621	1549	
994	139	1031	1740	1856	
846	314	1202	647	1820	
262	1018	1742	200	215	
1086	1568	1108	927	743	
1182	1380	1646	1743	951	
1878	836	148	493	1825	
1339	188	1111	708	735	
928	1410	1842	1471	1355	
798	1765	331	1794	1911	
1957	765	923	1674	1223	
1278	459	376	1512	1472	
1577	275	1765	99	823	
966	1418	402	1542	79	
1342	1961	603	1732	370	
1662	622	320	403	693	
1655	1688	82	1017	1106	
713	1583	423	1949	394	
1	268	1194	1843	838	
1832	1612	1679	1520	1007	
706	827	928	328	1665	
578	71	1222	1912	282	
1265	753	628	1529	1328	
51	435	1606	1776	65	
1051	1323	266	517	1209	
1087	922	1783	548	1139	
355	1938	849	378	1635	
1805	270	1871	1517	1832	
25	791	1308	574	1623	
1653	1331	1646	727	1340	
325	1061	1062	1376	1532	
280	1507	1962	756	651	
566	631	186	238	986	
86	926	964	97	1272	
451	1476	348	760	1652	
713	1069	1493	1327	1739	
1390	101	471	870	157	
465	786	1408	1915	173	
1769	1665	1811	410	1229	
756	1646	1156	790	604	
510	1776	1694	1841	1542	
97	60	374	677	1616	
599	314	1335	909	1625	
189	1642	185	438	1730	
146	32	1812	237	1899	
1906	174	1115	997	1127	
935	1214	1255	1748	1002	
1724	1962	1669	1241	1556	
792	591	731	386	183	
1421	920	1598	41	821	
1326	862	104	1990	467	
854	121	1632	751	920	
966	101	1780	58	1150	
244	1246	1712	745	169	
746	584	1570	546	757	
1532	746	153	1992	852	
472	785	1246	15	332	
315	143	1144	958	967	
776	187	2	1842	154	
423	1363	1431	1962	318	
1455	653	781	1042	1730	
1360	742	196	1483	665	
1896	168	420	1116	423	
6	751	853	79	593	
841	361	1003	1999	777	
108	1617	1118	1463	1206	
1052	1170	1071	1560	1687	
649	1345	934	669	1553	
655	1236	665	798	1700	
438	1369	907	1493	1266	
660	1703	1080	763	30	
525	1054	1529	1716	1018	
1274	1429	602	595	1914	
123	1203	490	122	707	
1184	1720	1358	542	1758	
849	1634	1089	919	1401	
1449	378	1270	1442	304	
228	317	209	1366	533	
880	276	1412	991	305	
94	1099	701	1359	1836	
598	452	188	1052	959	
1933	725	414	1343	1295	
1642	1765	400	1903	1852	
1920	1700	61	677	906	
113	1317	1256	328	624	
1293	1848	1767	1087	1779	
1387	1589	1965	1353	1092	
1398	759	615	1535	1037	
1814	1157	1462	986	21	
1178	1187	1223	94	689	
834	1125	718	1745	1857	
1501	806	1002	1508	149	
630	605	1008	566	1822	
310	1726	1322	869	236	
627	1997	376	974	1366	
1249	630	462	1323	1555	
646	286	1547	577	369	
636	1959	680	1020	1171	
260	73	776	1006	946	
1618	1322	330	1387	975	
554	1881	1635	447	1265	
1943	1579	1290	1548	1249	
99	1873	1394	1365	1457	
1267	532	915	910	364	
1811	256	1917	131	268	
1363	637	1211	1657	701	
1130	354	1378	1918	67	
1390	992	1995	1912	616	
602	892	1976	1153	1524	
749	1716	1355	1429	1786	
1048	591	1662	1680	1663	
774	126	1707	108	349	
1518	668	24	1023	52	
1487	477	115	1842	1791	
238	1268	701	1606	1257	
774	1268	1676	1567	1505	
1816	1260	696	834	983	
692	622	1739	1535	1616	
556	261	106	1787	364	
745	345	1987	1743	1549	
110	327	545	1630	20	
352	435	145	891	331	
1191	1915	923	638	780	
404	1219	216	1005	213	
879	1547	1368	1091	328	
1650	1300	701	1145	54	
525	1374	1009	263	1792	
557	101	1638	734	1618	
1881	1421	1892	556	1895	
1704	541	567	805	115	
1204	1805	1106	1191	321	
227	997	1648	1441	758	
1967	402	1208	968	1399	
1078	316	1658	269	787	
45	1700	593	91	481	
1514	1283	857	1267	1768	
1307	666	1225	1647	499	
1546	1299	1928	533	1766	
42	1937	588	1369	832	
1927	260	776	553	1212	
544	944	1105	1408	1868	
148	1082	782	1833	434	
1549	898	1766	332	1465	
306	215	1609	537	742	
991	267	1109	366	967	
351	1544	1300	767	779	
1678	604	1413	372	634	
1986	1086	1554	1737	160	
462	1630	1919	1394	1908	
751	759	1587	669	1791	
1284	459	996	864	143	
344	1393	757	9	1871	
1440	964	1816	26	200	
1560	219	1605	1470	1846	
764	1363	741	334	175	
751	657	1928	1341	241	
1818	1469	1459	733	1168	
793	1651	388	874	955	
303	919	1516	1042	334	
1129	1599	1156	1049	1978	
561	439	183	595	79	
270	659	103	1381	1702	
588	737	1606	1654	1535	
900	890	1737	1470	285	
917	709	1845	1737	1823	
287	438	374	1156	1631	
103	1108	1943	1395	156	
1162	924	1625	75	1647	
7	659	1579	1783	1016	
1175	944	1101	1027	1181	
1655	1385	283	758	984	
1161	1625	204	45	353	
1459	566	366	668	363	
1183	85	390	551	528	
352	1102	880	743	1959	
1739	53	1692	1545	356	
158	1888	1508	13	307	
1486	276	1502	1741	1704	
1798	1373	1301	1949	1626	
1270	1878	142	722	1935	
345	262	1906	962	1235	
987	1460	312	1180	1373	
1247	1181	965	1755	782	
632	1223	1207	240	489	
1116	1544	415	303	218	
1931	1286	33	343	437	
544	1951	1525	1268	877	
1628	1613	1567	61	662	
823	773	134	1479	1757	
846	1328	1488	1760	423	
841	661	485	964	1380	
1826	34	1477	375	1834	
295	1315	1407	151	724	
1650	60	779	1906	1811	
1859	1490	351	528	1649	
387	1505	624	1680	1413	
1301	334	318	120	1257	
243	1642	607	1060	891	
1117	992	1842	1422	330	
1442	182	1931	1659	220	
173	962	1926	716	983	
964	97	748	1827	698	
1223	669	780	1682	944	
1211	1796	222	773	1166	
216	1800	311	141	95	
1687	810	1322	942	8	
1520	894	1147	1680	725	
104	1433	1383	1338	463	
503	1368	1460	1706	194	
1036	1911	1545	833	1449	
269	1622	1444	1144	450	
1574	1367	1881	1291	64	
449	217	597	854	720	
287	213	1345	1149	1905	
943	1483	1054	789	1540	
1312	342	731	198	632	
133	799	1193	1784	1594	
781	657	178	297	142	
460	1719	307	1965	590	
1980	815	1645	1933	260	
1553	1527	1180	590	1628	
358	870	596	693	1857	
1038	160	503	265	22	
1636	1266	849	1081	795	
503	1170	1638	780	255	
349	1764	1628	1393	18	
758	1340	1806	305	1803	
1837	1965	1079	420	1070	
1466	747	1366	1082	1924	
258	595	757	1149	8	
602	377	1218	1019	1409	
595	714	105	1567	549	
789	504	188	426	327	
970	486	1083	248	1519	
1811	1946	1122	1376	1771	
1538	36	1807	597	1544	
1267	176	1651	822	1465	
991	468	547	1904	884	
339	1159	1404	1260	734	
782	1434	544	1141	1718	
173	703	1730	667	93	
369	305	296	866	1304	
67	1004	144	1338	261	
1840	958	786	935	137	
84	1531	1779	940	1342	
1521	1737	1315	1036	572	
858	1775	1218	670	1067	
661	615	1817	36	323	
1651	224	1383	290	255	
1825	1519	1995	1185	1977	
512	416	294	1997	168	
1318	562	1345	172	1126	
996	152	1546	1049	1569	
665	631	686	831	14	
455	1640	1171	1268	1018	
1350	1648	1471	1135	284	
544	552	465	1597	664	
1207	1189	1445	1273	957	
5	1190	1115	1704	816	
1837	758	1204	413	715	
321	489	1342	1394	1101	
835	283	635	1317	1569	
402	771	805	75	1026	
288	132	221	1711	1490	
1335	232	1693	276	1113	
416	586	1599	903	82	
426	1831	755	449	1811	
1182	830	507	588	1446	
748	1446	1203	1223	1100	
565	233	1204	70	1762	
1161	193	1275	1447	711	
1440	1205	1651	1721	1966	
1965	1596	93	1928	791	
1328	587	1720	278	877	
490	1155	209	827	452	
757	718	250	528	150	
1404	871	1737	482	1230	
1186	1633	390	376	846	
372	1099	1711	1053	1504	
747	121	1531	633	663	
1060	1916	672	921	745	
1124	574	1789	1455	1800	
199	210	1871	1875	1336	
1412	1299	1692	295	1177	
1633	1288	612	217	1043	
714	1636	1343	1190	1637	
1843	652	144	1966	291	
1501	668	100	1600	902	
50	1813	523	123	530	
579	161	503	107	1206	
1335	293	1558	734	1605	
289	1786	811	1864	333	
418	1507	254	638	1328	
707	611	426	1466	804	
175	1797	1060	413	704	
30	1607	775	1322	1213	
1654	1891	1879	835	444	
440	1706	1175	1415	719	
1786	33	552	1200	1197	
618	1338	665	735	1249	
1598	1627	1822	262	1789	
1149	453	338	1583	847	
1836	1440	1391	1632	1359	
83	978	1577	1168	858	
1391	1619	1159	386	1578	
554	905	1308	866	1654	
932	1442	680	1786	1718	
912	536	301	359	85	
321	1842	1570	1828	1455	
1345	20	1297	18	586	
514	1023	1309	1295	1186	
1205	149	1287	394	1399	
1150	910	1669	1944	1246	
1805	1495	372	198	77	
226	176	1714	572	189	
626	358	549	1098	1536	
1792	1871	9	1678	695	
1098	1128	1966	431	463	
387	1772	1684	774	1367	
1588	1194	691	397	613	
807	1644	1689	1138	1510	
1091	160	1414	1743	1961	
593	93	1082	167	1413	
410	1763	1309	100	1292	
724	895	1757	1123	116	
1630	1194	1222	840	1773	
539	1900	1958	1582	1209	
1049	1352	1488	1233	859	
1487	1561	416	1847	1158	
1399	865	1540	1749	716	
1860	1336	972	1043	928	
1931	295	1917	181	1505	
1221	1279	1625	1217	548	
1485	78	885	1849	754	
1314	1407	937	732	1339	
1203	116	406	470	679	
94	1342	1353	809	1802	
1234	891	257	1957	364	
621	758	1493	904	1809	
1955	1648	79	915	1691	
1484	999	191	763	630	
995	1672	881	1565	1793	
1188	452	1150	1547	106	
860	1531	1717	982	485	
1393	1043	486	976	1664	
773	1837	851	123	1168	
396	1455	1074	804	625	
209	1010	1377	1848	1292	
1549	656	1234	731	1040	
265	1000	1545	1846	1492	
1475	1606	204	641	387	
1320	685	1458	1277	1036	
797	1197	867	1941	1955	
1236	1236	1401	432	655	
394	1073	323	1142	533	
1551	1929	562	1331	1195	
84	1970	888	172	738	
1095	605	1794	456	1442	
1338	580	361	1918	1918	
1076	370	1436	531	379	
1737	1661	1228	691	1152	
1860	541	49	181	566	
1090	539	681	164	41	
429	1278	537	491	873	
471	869	1548	44	1316	
175	281	53	804	1040	
447	1670	465	406	67	
1491	1484	1570	953	1049	
1199	307	410	264	1700	
17	1856	587	945	1206	
1003	922	596	1189	43	
411	365	335	978	311	
881	1619	112	787	1099	
259	1054	153	1234	299	
281	30	1092	1115	527	
1044	830	790	835	1402	
666	175	618	425	1867	
1568	1722	275	1666	458	
823	403	1372	1226	469	
1057	1656	1556	814	889	
431	1616	179	1505	1083	
1250	1488	1340	523	1199	
1550	1184	143	1487	199	
569	1781	62	1177	1272	
52	26	820	1064	1642	
1617	1955	1393	475	12	
799	350	939	8	1145	
1541	1681	1589	766	1811	
502	195	478	1699	545	
1503	644	231	1906	361	
1222	588	362	61	510	
772	1878	215	1313	775	
453	1248	428	1660	1845	
1804	751	1583	370	1640	
1548	915	328	1567	1007	
1559	7	423	1245	1102	
438	714	230	1105	1422	
99	465	473	106	1648	
1944	1422	1946	503	58	
1612	1501	212	515	1391	
1493	1998	715	1709	244	
271	780	1893	1723	446	
1659	855	1228	920	1428	
1315	1940	1493	1460	355	
295	1510	152	803	41	
479	1825	1078	417	331	
1759	300	1403	1756	1527	
1924	611	446	1266	1193	
109	1477	858	122	1081	
1929	1526	883	838	447	
1320	127	320	1195	980	
454	1587	701	1960	1910	
667	30	39	1003	1924	
1298	343	173	1949	413	
1569	250	187	1736	594	
998	1120	1354	629	293	
1550	757	1557	561	3	
1239	57	70	936	112	
1156	983	647	380	448	
976	1755	1455	808	651	
989	1975	1388	1733	290	
1382	886	504	642	354	
1220	672	1100	1790	1934	
44	320	664	1803	276	
1723	1474	1252	1190	1771	
1931	1622	1742	1609	776	
694	875	1252	21	460	
1530	109	291	30	1712	
894	826	1748	949	1885	
242	360	1445	928	812	
1889	67	1901	1683	317	
1150	565	1828	1280	1170	
1145	1869	1052	1841	1450	
447	1989	824	1770	1177	
340	1473	582	778	953	
444	29	675	1134	1568	
187	3	804	1044	181	
896	783	1996	129	1298	
1111	1799	548	629	1387	
1121	786	120	550	72	
1398	866	994	1304	1135	
1965	1034	1304	847	1295	
962	1280	1765	1190	935	
1339	1456	1917	1897	1152	
1736	1591	483	1851	1994	
1824	1150	646	1688	221	
120	1305	1676	159	1040	
532	416	824	600	1530	
1612	1398	1277	558	1557	
941	1643	331	1702	66	
500	1829	1414	812	1059	
155	1586	1720	1614	496	
506	1822	1390	1841	1809	
435	1736	534	1931	1466	
15	66	564	517	450	
981	408	1655	776	221	
50	1178	939	1404	1514	
316	1932	374	1541	1419	
1819	1785	1138	834	213	
1097	929	807	1339	546	
1817	316	114	319	1214	
1244	491	406	1741	953	
277	113	1069	1589	228	
80	1641	192	1565	1718	
491	1769	868	202	1925	
902	537	488	1275	682	
548	383	1397	570	1078	
1562	1807	279	1060	1893	
949	287	79	1050	411	
1965	608	154	1559	1923	
807	1547	1207	436	482	
374	1634	1837	445	228	
984	213	41	818	1964	
1087	1366	1242	11	313	
267	1957	187	300	1454	
681	507	1900	1222	1006	
1803	618	30	1462	1386	
1049	717	1919	310	1188	
1470	1413	1155	984	1447	
1475	1669	1672	1427	1784	
89	1582	645	1927	1353	
461	1289	1949	1746	1746	
68	1712	966	1005	662	
575	887	983	1012	1210	
1408	1067	1015	88	837	
515	1257	1005	1790	281	
1849	1144	1078	744	1173	
639	541	10	1833	979	
851	17	242	1775	1904	
252	1930	162	1996	1912	
1532	1954	209	281	1346	
549	626	1293	124	1669	
268	781	747	513	229	
341	717	556	1447	1262	
601	223	1187	1930	330	
1191	1500	1454	1906	254	
178	105	512	1580	493	
1555	1500	1256	1322	1526	
760	1394	294	857	438	
28	1891	465	734	535	
128	1078	1526	1252	898	
988	1190	1598	1363	1803	
575	1699	1796	1365	269	
1120	440	117	1836	1792	
1887	63	512	373	1458	
65	82	212	368	1825	
67	832	1232	341	1456	
1079	1835	29	842	761	
1024	1885	1621	1707	1520	
1077	1047	373	1881	650	
1060	510	1516	1292	1429	
1534	1829	1344	1170	134	
383	685	217	1230	114	
1180	1846	404	1735	1434	
1839	535	1252	118	1928	
1956	482	517	1413	1992	
620	191	696	737	1311	
1741	726	500	1506	1458	
1515	218	453	1492	1616	
501	1343	1027	1581	734	
149	1666	485	618	635	
1382	631	770	1955	1168	
1612	181	1071	723	1746	
974	813	1533	324	636	
322	97	148	72	509	
1308	347	1047	1703	1153	
1317	886	903	30	720	
1887	500	490	1387	846	
239	43	1520	623	1280	
1475	955	713	986	1277	
1747	510	848	1015	1986	
655	281	1162	1075	1926	
101	1223	1669	551	418	
1490	1099	1965	4	822	
935	780	1814	85	656	
271	7	839	1638	1117	
1417	1212	1094	473	602	
124	1169	1699	1218	641	
1139	1958	754	484	234	
630	1765	1137	890	849	
410	1445	1564	1444	1827	
16	1261	1912	1229	1574	
1193	75	827	575	1346	
430	1561	1606	1116	1386	
1115	902	945	196	945	
725	1095	1023	1634	1468	
602	47	1715	1465	1546	
753	414	1417	1046	1547	
654	1017	1445	1742	583	
1090	259	1288	1760	1378	
576	1337	1918	828	1682	
1628	699	1902	518	1349	
1778	234	1643	1722	1583	
243	1052	844	1033	1011	
924	1360	797	640	749	
1915	1886	1060	1680	1888	
1513	451	969	1451	1619	
1333	1145	1090	680	1847	
868	637	1180	1452	421	
303	1437	517	1631	228	
158	256	859	690	12	
950	1526	98	1760	234	
1262	34	313	291	70	
1638	1672	262	892	1481	
1924	1991	1604	1283	645	
558	411	77	623	1151	
1166	1390	961	1060	358	
350	1084	1544	212	1294	
1660	312	1232	77	1603	
515	1784	1419	367	142	
1751	238	773	1846	1139	
1206	908	1859	1546	1294	
1310	1657	694	521	848	
1837	1906	168	1711	501	
258	744	1999	505	1327	
298	376	590	1426	721	
620	1407	1308	800	190	
393	1020	427	1855	1424	
289	423	1032	1330	1795	
1607	264	884	1799	1911	
429	1766	337	196	1316	
458	459	981	188	1209	
1829	133	4	802	928	
912	533	640	1305	1645	
1367	1	137	691	1117	
1527	1900	609	1948	1820	
928	200	1970	163	1133	
845	224	1214	924	329	
294	1468	1261	1191	71	
81	878	1494	1847	795	
1331	1401	755	1133	190	
632	721	1123	1206	146	
1350	491	1474	1958	417	
1491	865	556	75	1762	
656	147	1275	738	101	
186	1660	936	604	305	
1512	181	1582	151	1289	
749	391	410	1659	1327	
1533	196	991	1990	0	
1858	79	711	598	973	
1440	1518	850	74	606	
1304	1986	1043	1936	1095	
643	1454	951	1063	1897	
754	1902	988	1365	1727	
216	1643	700	80	758	
1840	1579	244	335	619	
1255	1315	364	1213	1756	
927	1808	1773	1215	366	
1099	1865	298	1488	732	
1012	1876	1163	1609	63	
1312	544	1087	250	932	
1813	664	1746	575	1103	
686	1590	1505	1170	1143	
1032	1835	298	473	1258	
1378	890	1880	1711	794	
384	765	1089	557	545	
1303	398	1211	1860	1937	
1389	576	564	461	1236	
967	1420	404	845	1328	
572	196	978	1003	1398	
1956	987	84	280	1008	
228	1827	1302	992	1854	
418	1386	1931	1396	1439	
1581	938	1184	1134	625	
1248	1693	1984	1726	1920	
1583	191	195	1408	1344	
1363	356	898	1511	364	
1863	1775	1281	136	953	
1961	22	487	1887	802	
1878	195	740	533	642	
1611	195	1186	1814	850	
1014	1063	1574	295	1267	
1383	1850	915	1384	1363	
1423	716	1852	1352	1502	
242	670	1106	1034	1757	
883	904	1356	696	140	
1675	1992	1834	811	814	
46	620	524	1925	1195	
1111	182	404	472	605	
581	58	1151	973	1759	
764	1766	1940	1673	1880	
1037	1968	604	1193	13	
378	106	1079	1137	1237	
868	373	1298	727	472	
1345	229	1356	1666	995	
29	835	668	564	266	
1042	935	622	398	424	
1305	290	1169	1424	87	
120	1246	1148	1270	1846	
306	1024	375	1495	1206	
338	1189	1740	413	762	
1071	1514	577	889	1172	
488	557	56	749	1715	
98	987	1059	798	779	
1200	1403	625	1587	1435	
1159	1360	1379	64	904	
1887	286	1114	1267	905	
810	1605	1994	1243	454	
1881	1730	1079	1104	734	
1532	1151	461	940	1010	
1233	506	1692	733	886	
1487	818	1378	1413	1835	
1829	1042	818	1421	355	
408	1125	922	200	1227	
1574	282	1756	942	1593	
758	1965	945	1477	1876	
1953	1551	258	1896	78	
924	1909	1586	423	522	
320	515	663	1926	152	
903	224	810	1588	530	
695	729	237	413	709	
951	765	1727	1805	872	
310	1846	1010	470	678	
753	436	1077	1014	202	
1395	181	969	99	1261	
712	76	1165	234	825	
1297	978	131	921	357	
1368	1654	1846	608	353	
438	1017	993	844	1497	
770	1325	523	854	1768	
718	225	1429	1136	189	
1486	492	63	167	323	
953	606	1561	97	1684	
1463	981	1967	164	743	
1202	422	1619	1327	828	
374	835	1556	1302	208	
1817	765	1557	855	987	
1918	1104	769	99	76	
1344	669	264	1277	588	
1667	1406	966	675	1193	
1658	693	1086	1610	260	
294	928	1591	1839	1284	
1926	956	33	343	803	
1925	377	1401	618	895	
471	958	292	334	476	
1213	605	630	1828	1111	
1664	663	361	313	777	
1783	443	524	1124	1424	
915	1101	504	1584	1210	
966	1799	463	1085	1153	
1654	1361	1468	1822	1031	
1547	736	603	624	1488	
1111	1001	775	1253	1321	
190	206	334	1338	1898	
554	697	740	1756	1985	
1932	1235	1272	609	1461	
853	1232	313	287	945	
1668	976	1775	1049	231	
1407	1813	1326	1794	1093	
902	37	925	1130	922	
1553	367	550	1409	349	
133	217	491	777	1335	
511	1622	173	1059	834	
604	867	1671	956	299	
1195	1680	1460	1062	110	
411	466	751	1502	1138	
1909	185	1033	685	246	
1617	1103	935	1907	1482	
1739	55	979	1823	902	
977	1066	1785	1437	796	
559	1075	909	451	1816	
695	1175	1851	753	576	
1691	824	390	1176	1602	
1981	1672	184	1062	1722	
1440	925	434	37	1469	
1515	1560	256	1889	197	
764	407	1764	790	1672	
652	170	1464	784	1340	
563	1164	9	1188	1290	
1338	1284	1438	1812	79	
845	824	628	175	1509	
273	66	511	1882	473	
146	1614	1372	1543	44	
1985	1036	1818	231	1104	
1730	78	1303	516	1192	
350	381	644	722	1849	
1515	650	1241	1155	1566	
1693	574	827	606	838	
1141	1911	926	1065	436	
917	1234	1775	1196	810	
706	1887	1064	1826	219	
607	459	305	778	970	
1408	678	673	1580	1645	
511	1115	871	1782	642	
125	1202	1981	1295	536	
645	1789	1648	927	737	
761	367	1796	75	1828	
452	836	1082	639	1798	
1106	699	1120	852	885	
406	259	926	355	228	
800	98	234	164	1209	
809	1506	108	727	65	
1355	611	654	1530	637	
1998	99	1752	825	549	
4	1276	1536	1728	592	
704	1137	1996	752	377	
489	1000	1994	37	1085	
1195	1294	412	201	1938	
1337	1616	1962	940	1708	
467	1581	668	324	465	
1896	715	13	600	1677	
492	1076	1134	670	1933	
379	1727	1613	1825	1793	
1873	352	417	1292	265	
1868	1621	964	1084	1810	
513	679	1553	1035	666	
893	872	805	265	1343	
1210	713	1364	1925	913	
654	1122	1806	942	357	
1485	420	1318	693	1983	
1322	1559	1329	191	908	
382	782	982	578	729	
115	216	1894	952	65	
1390	1237	385	3	476	
1415	1425	1117	1626	753	
1523	1183	1353	1956	1817	
68	1520	813	1336	1108	
1892	484	1142	272	246	
1186	1911	1055	1430	249	
1842	1508	1352	120	210	
680	1283	1037	488	251	
1062	462	101	239	764	
181	682	858	873	1120	
1985	1731	1329	1348	771	
1053	434	819	1970	409	
991	892	1226	1222	228	
520	917	760	1014	572	
684	23	1834	818	1561	
1371	711	390	1277	683	
970	892	1617	1567	1682	
758	730	1449	658	1384	
1799	37	903	1523	351	
714	209	52	1601	290	
1913	1984	1614	1682	1905	
328	1991	516	1753	724	
1537	862	1290	1753	1790	
159	1127	1480	1170	1727	
1681	1554	405	480	720	
151	54	549	1881	645	
1111	1843	859	1172	1569	
1131	1704	1510	418	1125	
1379	426	1386	57	106	
1230	1480	997	775	782	
1613	1607	176	1440	1833	
786	1612	1392	78	802	
1792	451	1966	1250	1345	
1053	494	755	1235	1737	
119	0	1209	813	374	
825	1461	1184	1609	246	
1498	618	1888	1375	674	
203	1571	1374	1107	613	
660	1162	1316	313	139	
532	627	1959	1080	386	
621	1756	1989	430	1966	
1749	70	1969	1992	1827	
111	993	1470	109	658	
1789	336	307	1962	26	
87	1591	1560	1077	1851	
1188	106	317	1932	357	
1284	1583	1603	1368	1365	
230	207	1317	193	634	
1099	62	1030	287	1309	
442	1825	537	922	1423	
1331	1615	1437	286	1905	
1146	1069	204	346	1956	
392	488	878	1107	696	
321	1659	553	1688	1818	
1893	1167	669	750	1303	
1152	1211	1663	1233	984	
343	452	1557	483	1776	
837	1632	1970	1683	412	
1064	1626	677	799	266	
826	1101	318	966	463	
736	1808	1135	618	591	
542	214	1155	729	1985	
1847	1898	556	1790	990	
502	862	1881	129	1956	
49	600	584	111	1317	
1939	3	487	1382	1628	
127	183	1976	1794	1390	
1988	1829	1859	722	1473	
71	1331	1903	1599	1588	
700	1399	220	404	306	
15	493	1550	1326	1149	
1974	860	748	793	150	
1898	526	654	242	284	
1605	719	1540	718	973	
308	1598	732	1046	1541	
1474	676	1511	351	1320	
1289	1743	291	597	768	
292	744	1312	1908	881	
369	657	1950	1514	526	
1991	995	512	1866	1375	
1335	707	1872	1505	1185	
1866	1612	1540	1156	1022	
1720	1115	614	1897	1617	
1359	1256	1926	1144	104	
1542	1999	1307	306	1754	
933	576	579	290	1328	
878	105	1263	830	1101	
1754	1854	1258	1536	1236	
1759	1406	1566	1612	594	
1527	1968	52	160	213	
282	503	833	1062	1287	
1010	1013	994	559	710	
8	1865	604	1173	1627	
317	52	1611	1446	1719	
711	1671	1274	263	235	
1668	1275	1474	1472	280	
1612	1837	58	949	1047	
213	404	1492	460	851	
352	1171	598	734	884	
24	1331	1277	1525	1262	
434	732	123	1964	297	
612	385	467	1426	1974	
467	1434	920	390	1915	
537	333	1245	867	1693	
1038	60	1363	283	1212	
1000	693	578	1462	794	
1515	1491	906	1658	1972	
921	1163	854	88	1932	
198	26	855	343	139	
1095	326	1916	634	1097	
863	1656	656	147	236	
1770	1257	631	1548	1386	
145	1168	1174	556	361	
1913	747	875	1389	1177	
105	1892	421	1683	1696	
347	82	581	823	174	
1759	1858	845	530	2	
529	682	615	30	1762	
244	1269	1336	302	1396	
1235	1320	628	588	761	
1167	1784	212	1159	1696	
376	1116	1229	332	1975	
1881	1162	840	1816	1729	
1743	55	753	1865	1495	
1734	478	1990	1018	1266	
1692	659	176	570	284	
759	1713	1148	1088	461	
1948	1138	1022	1328	66	
638	146	1597	1817	1984	
1902	694	1623	848	1729	
734	301	1650	690	362	
1742	1912	1876	1827	1524	
1920	641	347	364	532	
1272	1851	552	1992	1829	
999	529	1428	538	14	
1982	1172	1093	1169	1045	
17	534	641	987	622	
303	1951	737	1474	176	
622	1967	1410	218	437	
65	1301	1985	934	182	
161	1737	1775	47	925	
750	1325	430	1295	1625	
697	1457	1857	1259	1422	
1374	1746	1693	1042	1598	
731	1808	1890	324	471	
1408	340	1805	841	1491	
1024	1315	1811	5	1369	
1908	878	795	1586	1	
550	1749	716	1316	1269	
117	468	1765	265	1375	
623	450	1971	1925	1579	
1500	1388	695	1177	680	
768	901	510	1819	867	
1897	1272	835	287	1292	
1624	1050	341	1474	871	
1286	1428	864	1259	1254	
1867	1902	1501	705	1652	
1043	1630	1691	201	1126	
447	545	708	520	1355	
1921	936	770	1485	1537	
1755	1122	1980	354	1859	
1711	1201	227	295	1507	
1965	1537	1034	1074	1801	
1718	108	1929	191	1336	
1601	121	380	1781	1991	
1996	905	942	84	520	
840	1717	531	401	598	
877	377	649	1048	258	
1598	1207	448	1135	1859	
374	1890	1770	431	1420	
185	260	277	1434	961	
1619	993	928	69	542	
1676	1879	936	280	1450	
288	73	150	1491	472	
756	688	1896	1191	376	
1376	1961	1643	921	732	
1822	1704	117	115	1288	
1203	593	268	1787	1473	
506	1044	1299	1430	282	
754	1437	1616	1878	1662	
92	1063	1963	1864	1262	
504	1835	1324	1678	1968	
534	1309	1133	1720	859	
680	115	1912	846	1812	
549	1666	221	220	1366	
642	1649	26	1072	1125	
300	1700	1853	1243	1919	
1783	1644	1510	702	194	
431	906	1880	13	1328	
1017	126	84	1298	515	
1429	1954	558	1284	1418	
1088	1417	90	450	1249	
1382	1762	848	1133	694	
52	1204	125	1105	1581	
1980	1547	1655	1969	1816	
1119	790	1487	1907	1606	
120	66	653	111	847	
1859	1520	142	1091	1035	
1889	7	40	1344	1854	
1773	942	1477	1567	509	
1594	716	1699	1742	1479	
1196	1434	160	1416	1697	
1106	259	754	397	1719	
1963	48	894	1512	839	
173	285	1918	1823	761	
1062	397	827	117	158	
228	972	1858	443	348	
108	1167	1112	1433	1384	
1981	524	726	1175	1188	
145	707	897	1312	1490	
450	18	966	159	468	
1906	1794	201	1410	1748	
1801	1681	1062	754	650	
735	1794	1132	1470	933	
1778	1606	1178	471	1079	
645	369	858	1476	1030	
1700	1027	1361	1136	1815	
1930	1295	916	1707	1749	
101	1960	1692	1876	534	
1326	26	1944	1006	1224	
1257	1078	1124	1219	1206	
1039	1099	174	1202	727	
927	229	816	1284	306	
188	1884	1206	580	1348	
1824	537	1441	1278	106	
1376	1200	668	1153	822	
1368	1118	1560	1648	32	
1634	1351	1644	1276	1709	
1286	113	807	1627	427	
654	544	1271	436	1902	
211	866	320	1786	239	
243	1605	552	1495	1626	
1180	972	987	1330	862	
538	1018	1684	355	1201	
1690	1451	522	664	49	
156	1533	548	1248	121	
908	1158	1916	1052	847	
1320	54	78	1786	1629	
324	930	1443	479	520	
1097	315	526	1981	705	
82	1867	1179	460	286	
1547	249	1423	828	1479	
1226	146	1696	764	166	
288	479	794	1807	384	
508	1018	1567	1933	761	
834	98	319	665	757	
1318	1280	1565	1954	1665	
1027	585	1823	550	1929	
1070	1735	181	1545	1863	
618	678	114	777	1505	
1150	565	1333	1017	1223	
98	291	1070	1310	751	
1062	1350	201	822	296	
113	1380	1781	588	1387	
513	1382	1011	1883	1686	
1678	250	1572	799	428	
148	853	594	284	1974	
519	1193	1298	344	1235	
1984	802	398	1455	1589	
7	1534	1836	1337	546	
1446	1812	642	409	293	
1336	1052	1751	1796	1528	
1618	1415	1574	1841	1384	
1066	1434	303	208	776	
593	816	1639	1064	639	
1200	1075	1682	1216	185	
1932	877	177	1654	1652	
1319	1910	1842	961	1858	
1214	688	767	1306	1184	
53	1064	1395	1022	355	
1957	997	1442	1966	380	
1560	1559	1506	1834	1868	
1918	774	1328	1447	1194	
829	1472	1243	1678	760	
646	1915	1648	76	1137	
735	701	611	1145	1910	
1710	1315	304	1925	750	
1424	347	831	766	1313	
743	1108	1995	1812	1126	
292	496	628	5	723	
1958	1343	90	291	825	
461	1881	1079	1602	1569	
664	908	753	1713	1400	
740	1778	899	1823	1624	
1777	1909	318	59	1168	
750	558	1311	621	1375	
1912	1120	914	1038	1719	
366	1598	295	86	1189	
723	1479	756	996	1828	
659	106	321	266	875	
197	1652	676	1749	346	
221	200	1049	519	341	
1777	995	453	577	1609	
1490	26	419	1019	1129	
1001	298	187	210	618	
123	790	537	421	300	
17	1400	1840	1603	490	
301	624	1133	1860	1780	
322	1105	1770	1124	1879	
1160	1528	1443	1966	1820	
727	980	170	298	1627	
1106	1330	1841	448	1424	
1771	1510	1336	1281	1098	
465	1536	1327	1867	1668	
292	340	135	1464	1790	
1350	1067	269	1647	108	
1800	526	723	1480	1256	
1104	1191	303	867	1742	
858	144	1821	1311	1150	
1454	992	92	314	1	
893	1486	1307	513	1317	
350	189	1704	81	197	
225	618	1183	703	1654	
508	584	1465	542	1272	
974	64	1479	1185	1270	
399	140	1604	817	759	
199	1143	215	74	1242	
1291	1368	1334	284	187	
1440	1004	1163	1705	1448	
1547	1581	801	802	1788	
1577	598	583	1954	200	
190	876	1837	1110	1207	
1911	1684	1776	582	1632	
1557	1009	45	1662	721	
1891	278	1289	830	536	
12	1151	1558	1708	1407	
1401	1303	299	1168	605	
1422	733	551	135	1298	
747	1491	202	1768	349	
1798	1286	1218	71	1359	
53	146	1522	506	1751	
1042	1558	40	40	1867	
1474	1501	1146	719	649	
623	621	1029	1305	238	
1813	1561	344	943	271	
571	1633	799	1838	26	
1269	783	1953	958	1528	
623	1115	1072	1342	1892	
786	1967	804	1352	241	
687	755	718	166	306	
1461	1021	772	355	1265	
976	1318	1816	473	596	
927	361	1218	522	504	
1121	1725	1692	493	42	
1483	1025	1797	1701	1946	
843	1045	849	892	1071	
925	279	1241	768	300	
180	1193	701	1859	1623	
1496	1253	994	186	659	
243	160	1415	75	1706	
320	1314	387	51	1099	
250	1935	1859	706	1101	
1553	784	550	969	1704	
12	310	1803	761	283	
161	698	95	820	1070	
410	280	1416	1449	1563	
1784	1216	805	1316	238	
413	1934	666	1840	52	
1486	908	1921	85	432	
563	386	833	1198	581	
1564	1138	1505	1747	490	
259	177	273	601	702	
872	1197	368	1515	1704	
1729	806	512	1162	1500	
1360	41	1003	90	430	
519	788	1702	217	1082	
643	1290	1395	1717	1990	
698	1416	390	1692	1342	
1448	680	1273	258	560	
591	340	1041	1132	776	
12	1725	1868	1659	1805	
747	573	1282	1074	1605	
1771	749	1790	105	426	
357	381	117	1598	575	
1038	530	968	991	239	
474	1632	1883	1010	1672	
691	456	1320	921	648	
1465	270	374	29	1737	
1749	234	1536	335	619	
958	176	337	313	121	
1787	1375	1825	456	1991	
159	875	1585	723	932	
389	1601	361	1045	1689	
651	851	620	679	516	
116	1457	918	1934	1658	
1098	621	1899	274	450	
712	493	1176	1285	1833	
785	390	403	1845	1858	
1862	290	1291	741	1527	
1810	1092	1096	826	896	
1475	1220	1198	918	552	
985	762	770	817	926	
596	640	1692	1583	1369	
131	620	529	1881	264	
1680	1102	1925	1852	1797	
971	252	1512	1777	131	
709	977	104	123	769	
323	52	1614	1207	295	
1639	68	773	743	1049	
472	662	1370	1372	1543	
1987	418	1045	536	683	
427	538	1208	1889	311	
235	285	151	1998	1571	
1605	495	793	1450	333	
1235	1224	698	1560	834	
1690	992	1055	486	913	
493	1332	280	1112	1784	
465	1621	290	1128	1799	
1918	398	527	1282	593	
1483	1643	301	496	1467	
702	196	1823	1606	1215	
271	154	1033	137	1721	
25	1781	1200	227	1830	
419	1732	1617	1503	291	
1079	142	838	38	1765	
1745	1394	1266	1269	1676	
1965	390	694	1825	1610	
192	833	608	1578	1473	
367	290	1288	1617	837	
610	51	102	1986	79	
1496	1147	624	1739	686	
783	1196	867	1591	800	
1105	33	210	1990	1397	
1196	877	667	141	548	
894	766	947	1581	1247	
1899	612	1646	1503	1550	
489	380	1285	785	1311	
1966	421	224	1005	896	
552	720	1374	789	514	
1482	1849	714	876	431	
1631	699	1441	932	333	
163	274	1696	468	718	
307	1851	1714	3	893	
243	220	892	1812	390	
1651	387	1248	788	1945	
784	598	199	1663	111	
1886	411	718	1009	124	
1642	1968	1755	1800	575	
481	1088	571	456	1657	
698	1085	493	994	525	
1395	1164	599	1812	1436	
669	1653	97	1282	793	
1562	1855	640	44	1467	
1437	530	737	1669	1902	
1650	1850	277	581	3	
1742	77	594	1561	1936	
633	936	850	1215	881	
1589	180	1562	1995	1801	
1381	1603	1400	149	621	
866	1741	1899	1285	1412	
1855	160	1531	1826	1646	
1724	1178	88	183	138	
356	1572	999	306	516	
1871	1520	1216	939	536	
1879	512	1616	302	902	
1293	1602	948	1790	1709	
910	1996	1491	280	1212	
730	556	1102	365	940	
1038	476	35	17	1270	
1371	225	539	397	638	
1382	343	681	1393	115	
549	1639	49	91	855	
1603	1864	464	681	737	
1883	1641	507	1540	1894	
499	447	891	1248	1766	
354	682	946	1242	1952	
1188	1982	856	1618	816	
213	93	1390	20	443	
279	1778	1083	1039	1133	
986	452	1089	1485	1945	
1890	1562	481	1052	1242	
1096	1140	428	512	972	
807	410	1028	1445	1955	
46	988	1156	1475	134	
1796	603	275	846	116	
360	1190	1772	173	1601	
657	1311	578	1187	1414	
413	1362	1037	558	1290	
540	436	1284	344	474	
374	1272	1903	1358	893	
324	468	513	1274	1347	
775	1922	1872	966	186	
448	156	512	1666	123	
1636	788	895	1164	1702	
651	41	454	1915	1404	
1815	1029	1866	534	56	
1466	1301	1965	778	1544	
1964	1754	692	1839	1898	
1670	1309	92	1754	1744	
1305	889	99	1861	569	
36	1045	1108	701	597	
1181	928	50	1610	1245	
18	761	1592	955	1622	
1788	180	1885	1393	1382	
56	839	1609	1713	1970	
818	258	421	534	1949	
1645	376	153	979	1701	
557	86	81	243	114	
241	1111	1935	1200	355	
48	1350	227	1971	772	
1140	461	1872	171	541	
222	1954	936	1437	906	
1608	853	1553	795	108	
1715	1529	1594	1136	1628	
1786	1987	337	455	1383	
1875	628	1815	158	171	
1330	321	162	176	1209	
1845	499	351	1039	262	
1287	1939	1751	1148	1897	
1207	1441	970	437	123	
1348	418	701	1932	1863	
1973	1479	423	538	1678	
270	164	460	1538	1611	
1132	92	614	410	376	
1729	1070	780	1645	1708	
1129	268	1260	795	1660	
997	141	1905	1286	1211	
1798	1006	1907	555	839	
810	1227	1793	877	1522	
1361	385	1508	1508	730	
1644	202	38	1580	1130	
784	963	1306	299	1646	
1083	1692	380	1208	1081	
197	1569	1	780	1947	
1842	1536	1504	982	1591	
23	919	910	1454	453	
1906	1368	1154	1309	964	
1866	1426	783	215	1036	
1630	88	108	1015	615	
15	1093	258	1910	1504	
1374	1205	128	21	683	
584	1454	393	1897	410	
74	475	146	1309	1267	
633	1039	261	1855	1519	
1622	1178	1184	430	167	
108	1133	1271	128	1186	
1723	1944	271	1854	1175	
927	592	1433	1256	1996	
1505	949	575	1685	1583	
860	1668	1209	1641	852	
651	1235	961	1506	1562	
190	140	517	647	600	
444	97	1352	1412	1893	
610	673	538	974	120	
782	63	1846	967	1102	
1524	638	534	428	1794	
667	325	695	868	1910	
488	1855	257	686	1663	
1913	785	294	1074	1737	
1961	1372	1764	58	617	
786	606	1479	444	1086	
459	14	1424	1107	1887	
453	1603	500	869	1158	
1350	941	558	1688	954	
850	981	1190	251	1173	
1614	417	831	598	1362	
1223	641	1812	227	1572	
8	462	909	957	272	
625	78	248	701	162	
623	477	1192	1338	130	
1257	971	1647	1377	751	
1754	394	721	140	1581	
1589	1549	1736	746	923	
1318	1464	1870	913	103	
660	281	245	1016	1788	
104	1850	1236	1516	1651	
1148	540	1969	185	1238	
583	1651	601	949	1794	
915	820	117	1195	901	
1819	1468	724	296	1940	
1264	619	886	302	246	
432	719	1739	1443	1348	
1162	1691	32	1549	249	
1075	1071	1269	1556	656	
417	302	1298	1708	1247	
1972	689	1573	667	993	
920	1767	750	1929	1480	
1892	1545	1727	1694	1087	
646	1030	768	603	1637	
565	325	1766	437	1009	
1307	833	195	120	1009	
188	1783	1328	276	412	
679	1240	792	794	1345	
1534	766	119	842	241	
1196	587	1055	867	418	
536	1796	964	1584	1402	
1065	1575	1211	118	1234	
1838	695	1133	228	70	
1340	55	1473	1949	543	
330	1950	1458	1291	1330	
1516	1838	1202	1776	565	
1462	907	433	589	593	
1039	1426	1467	1748	914	
1139	763	1121	897	1898	
1635	1963	1171	547	437	
342	1521	587	301	121	
480	1502	1204	1501	1747	
1070	261	1452	1195	411	
915	1684	1009	315	850	
980	356	782	1138	152	
1542	1272	1188	502	417	
1767	1702	605	1604	1152	
1493	1078	132	1266	1397	
1602	1921	1733	34	1133	
1288	1970	1239	863	228	
605	1735	590	59	1520	
1310	1265	227	1199	1482	
1416	1847	1748	188	1850	
361	1286	1458	429	460	
1812	444	1995	961	1812	
129	288	1104	621	437	
1440	1953	107	714	31	
661	1156	296	568	316	
1242	586	645	1489	678	
601	795	1411	120	1998	
208	996	497	1537	1337	
1702	1767	210	1210	1536	
1185	136	27	551	1258	
486	1595	798	756	1040	
1482	1736	1134	1820	1420	
1883	1820	1815	233	12	
383	1739	177	1255	1324	
200	1351	1226	1967	388	
1823	79	534	45	1453	
1164	1909	116	1253	1755	
93	1237	755	316	459	
539	1982	1608	883	382	
1147	893	159	1713	1676	
1066	1891	1992	1295	941	
708	12	726	1542	1283	
879	1614	1672	393	1327	
586	168	926	1900	435	
1551	1660	1064	651	1388	
1598	1604	787	1493	959	
729	83	1977	287	1473	
1590	477	242	750	200	
1848	1469	1127	1010	56	
522	1676	538	333	948	
1636	1357	126	362	82	
1410	793	1403	1286	238	
1105	28	551	31	587	
1947	1985	1191	340	1192	
221	1072	1486	1339	429	
1120	1772	247	15	1472	
857	479	1598	673	1077	
984	326	536	813	1687	
371	1927	761	1114	1727	
1299	1897	600	753	247	
1466	371	570	268	580	
602	1880	460	412	1153	
271	408	956	1090	422	
981	1191	303	1108	448	
1400	1973	1425	1811	840	
88	1240	1693	1075	869	
704	386	1272	1430	1476	
1961	1029	1930	1913	492	
1951	687	1501	172	1460	
750	1583	1091	1245	743	
631	975	1275	1407	1453	
426	279	1127	826	1394	
44	631	136	1651	550	
166	236	1934	1182	1566	
184	822	749	1151	12	
362	1467	1822	1894	1743	
1275	347	1244	637	1966	
1797	1078	1315	1978	1022	
191	1353	1084	146	1290	
207	360	1931	1302	1993	
103	1275	776	170	1116	
242	1085	1370	169	1911	
1123	1099	156	560	931	
361	1189	1369	709	1803	
1316	1879	821	1979	649	
1950	229	162	141	140	
1882	726	23	1421	1778	
721	2	855	1368	14	
675	149	1429	460	1225	
878	219	1592	463	357	
1466	993	1190	775	588	
1175	633	362	1062	1355	
1149	1390	82	678	1195	
1643	841	587	1099	1820	
284	1540	389	695	293	
801	582	880	1093	1082	
801	1337	600	654	1815	
949	1305	1607	1632	1118	
245	1731	134	364	1741	
645	495	274	226	860	
933	1345	974	388	574	
1450	1062	1816	158	591	
528	598	942	218	0	
106	392	123	504	120	
1716	1020	1353	861	354	
443	1237	19	46	1405	
1157	363	421	368	1970	
1259	1031	1162	977	602	
466	1862	845	1460	1627	
1072	209	633	1581	1141	
757	449	230	450	1971	
774	1569	215	1903	1795	
1353	1106	1033	300	1734	
247	1863	361	1224	1406	
946	1750	1225	1202	1744	
626	1159	1742	1224	1486	
357	1668	843	1272	973	
304	1719	1702	1648	1368	
1095	1510	1171	714	1339	
1525	882	1798	386	417	
1372	1491	1016	1125	588	
1887	64	534	148	1077	
233	57	109	1440	1490	
1306	523	1947	1864	676	
1107	1004	416	447	1345	
600	487	719	506	1498	
1491	844	104	1697	1796	
1663	175	1128	1450	749	
855	901	1788	475	60	
481	300	6	1005	1875	
802	869	1106	958	1038	
1519	1247	1122	224	953	
893	1815	101	1646	1228	
763	1238	703	1937	650	
1545	698	199	1225	1040	
20	1900	1758	1779	9	
1862	1928	91	1228	1528	
224	459	485	864	820	
907	1593	936	1125	653	
1998	627	793	661	1930	
623	401	131	1378	1558	
1110	529	432	510	919	
1639	366	1095	1593	477	
1706	641	207	437	1595	
1881	751	1299	1384	1071	
1499	1182	509	682	1833	
1210	623	1296	1724	73	
1600	473	1792	1780	750	
1153	1598	1641	567	1556	
734	1437	1483	379	1683	
172	1519	1285	1219	1509	
1701	1561	1997	1561	575	
1696	693	1124	1883	941	
1448	1534	1525	883	934	
573	1031	895	385	397	
241	600	1393	794	323	
688	1251	1758	1833	1917	
1664	1321	110	1895	1192	
118	891	1702	897	1697	
386	814	504	1632	1061	
293	137	220	858	92	
1916	1283	647	196	1799	
549	1501	328	1896	844	
194	1621	1045	1558	1160	
548	1756	0	266	1344	
843	246	175	466	1705	
311	1124	1354	1876	204	
360	466	213	210	1803	
1655	971	149	1677	1612	
1017	609	1942	113	1954	
733	753	1105	1389	1852	
1983	1425	1493	434	1907	
1522	1767	257	1509	1808	
1368	1010	1509	1859	1	
798	1714	426	1091	811	
245	868	415	915	1712	
956	509	1270	881	182	
1270	1189	867	106	855	
1639	1198	242	633	1320	
1376	544	197	117	356	
879	1227	669	675	1501	
1592	167	1902	380	938	
1707	685	1586	1296	1428	
1940	1230	1260	872	1054	
1891	1154	1089	99	1793	
1768	1108	1083	1801	362	
502	1934	499	197	225	
1331	1359	145	353	219	
1727	1829	828	1781	29	
363	1004	1821	1198	786	
873	675	1635	1102	441	
1167	420	1288	670	1864	
953	664	173	1074	1747	
1768	1394	261	1133	1035	
840	702	941	953	907	
179	350	1903	921	1489	
1294	1729	1180	171	1575	
258	479	1637	1039	1680	
1586	187	1089	254	973	
1569	1070	1431	1837	495	
15	758	124	1312	444	
1581	1396	1072	1824	1684	
216	1087	537	565	1340	
577	1138	803	411	1650	
1917	1273	1496	1997	332	
361	727	823	1293	415	
110	918	1812	1029	386	
568	1822	1146	278	943	
9	1198	293	1596	68	
21	473	994	613	709	
1632	862	1942	1638	255	
1474	1051	469	1526	351	
1732	1464	1745	841	1961	
729	1130	1539	1011	1568	
530	1481	154	696	367	
1576	830	1550	1532	1618	
100	1659	1886	524	1796	
1404	203	1077	358	478	
407	1730	1642	1633	593	
350	1622	1378	1564	909	
716	1514	131	1570	1990	
658	1247	190	760	1552	
817	1661	850	866	1519	
529	1425	363	918	420	
1140	383	110	1924	1596	
1291	414	26	1958	719	
1035	1057	121	1113	1354	
466	774	494	1188	1811	
1878	306	1860	966	660	
569	909	637	961	598	
549	1908	1034	984	262	
1672	1590	609	794	936	
961	1553	1456	636	1850	
777	1999	591	314	1530	
224	1211	1731	1709	1176	
1301	1910	1193	1408	1303	
1750	1054	1567	1323	1679	
1102	664	151	1003	72	
1327	1929	173	1903	534	
1446	2	565	321	1144	
537	10	576	605	188	
1704	618	483	227	538	
257	652	546	431	1470	
765	1304	629	840	1877	
48	1212	805	889	1028	
1434	646	194	749	1226	
1785	123	80	1720	1319	
766	549	592	1997	1280	
32	1120	1804	1211	1249	
1080	1683	790	841	1341	
61	77	1216	1916	173	
887	1050	1982	356	1049	
1785	1220	287	1757	382	
1509	511	1213	521	813	
1638	836	1864	1338	229	
1737	1508	1246	1185	1889	
573	1489	176	948	1464	
1497	943	612	1513	346	
79	966	552	1362	630	
1882	901	400	1325	1735	
1	1802	1497	1350	312	
852	1303	1522	939	1792	
1913	1947	1789	18	1152	
1521	864	1595	1819	1143	
1534	1671	1068	1398	62	
141	275	845	1294	1595	
1428	432	468	496	469	
775	952	1383	171	1617	
233	711	1403	1575	1217	
839	687	377	1535	1693	
668	893	952	1533	1371	
493	1656	1852	1093	550	
536	1007	909	1651	340	
1298	679	1118	1559	967	
932	511	863	327	270	
1750	812	293	1830	103	
630	1444	430	902	901	
731	1407	142	1414	1704	
1766	695	1497	1935	935	
233	906	1374	1410	1528	
1722	1556	1927	1884	893	
575	1079	1640	1035	984	
1388	585	1680	1919	1795	
1261	1362	1118	568	1742	
272	1153	51	186	409	
916	1375	290	945	1001	
179	1193	568	1329	867	
1167	818	416	1238	124	
965	1047	1003	1721	1439	
1067	425	867	1098	1641	
64	664	997	1606	1587	
1231	1122	1941	1869	1721	
1507	1522	698	952	1791	
775	354	373	1079	602	
1630	627	1055	39	1927	
431	492	864	336	1356	
1702	877	289	1521	817	
1328	1792	236	78	8	
949	707	760	1871	567	
1534	812	1077	1689	1114	
595	964	1712	1473	1701	
931	1722	724	1454	1038	
1477	335	230	1378	911	
1205	1958	1590	62	930	
873	714	1550	1635	1413	
276	1081	850	1554	1996	
1035	265	1420	1319	1871	
1041	654	1573	485	1304	
347	1747	672	945	545	
871	784	564	1606	977	
1166	1088	1808	970	712	
818	1942	331	96	661	
887	880	370	1382	875	
1206	984	1796	1163	30	
1091	1182	191	830	1625	
1513	348	1173	790	149	
109	141	964	380	219	
662	581	1384	1635	1966	
1429	359	907	900	431	
611	911	622	1167	1737	
532	1593	1846	607	1884	
1989	515	1528	1402	1536	
933	1016	336	769	364	
1239	105	563	1595	1336	
247	1293	1072	1092	1048	
337	173	1910	1562	123	
1899	993	16	592	1339	
1243	284	577	1322	826	
724	351	826	283	375	
474	1541	164	295	1428	
994	1703	590	1765	1285	
103	684	1674	1	375	
1688	868	309	988	884	
119	513	793	659	1042	
1020	266	1390	1091	1301	
483	1474	404	248	416	
349	670	1459	1309	726	
886	463	424	1791	276	
863	847	1235	398	1776	
1245	687	1956	941	342	
6	623	1347	1237	387	
1143	1281	291	300	978	
552	1727	202	613	1270	
505	1785	1507	1235	509	
1114	1807	66	866	1288	
301	1630	1125	42	1101	
1647	1790	1433	128	1607	
1655	1768	552	1043	1569	
1113	381	1974	244	999	
1988	1151	1264	1043	162	
1280	1671	317	690	1667	
1728	810	1252	456	140	
173	1146	594	1544	708	
787	1945	1391	1917	354	
1619	1678	1631	1329	345	
964	712	1484	249	549	
126	1224	1771	121	1556	
1874	1905	1952	1359	156	
61	1433	187	204	1139	
392	30	966	1345	494	
401	520	1204	901	39	
1741	491	1146	1564	1860	
1432	1677	263	1095	544	
1733	1158	1679	1189	847	
1124	1936	407	1144	1345	
1899	1113	1800	379	545	
1779	1067	1661	1147	487	
331	872	66	1826	227	
488	1889	454	416	1509	
263	286	1852	1755	260	
867	1352	240	173	1151	
1671	1615	1546	1561	1250	
584	766	598	1271	332	
802	480	644	1756	1743	
302	775	1767	1027	101	
941	230	1992	1098	377	
557	1946	1662	1412	1312	
1999	780	1668	1596	1114	
667	146	205	334	1026	
1418	480	71	966	663	
756	537	528	841	1018	
957	825	1009	595	1789	
195	197	690	108	231	
1006	240	1573	983	1360	
405	1471	490	422	1150	
1780	265	1483	1306	419	
342	657	615	1844	448	
410	297	444	1059	872	
995	1639	1958	1724	1162	
880	1858	68	379	552	
1163	1486	309	1940	731	
171	1086	38	1405	1027	
1157	417	279	74	747	
431	685	218	815	1768	
803	1705	1911	821	991	
733	1790	835	1466	191	
534	804	1369	1875	961	
1302	82	1540	354	185	
882	914	1327	87	130	
1697	669	359	760	1964	
245	1944	177	961	639	
880	30	1517	1494	44	
36	882	800	1428	49	
1954	489	1441	94	1083	
1161	1740	1173	1635	1972	
1418	1107	1887	1684	883	
133	1245	146	1481	1500	
659	762	768	190	147	
741	1189	1963	1951	1283	
1177	1779	1884	420	208	
392	1061	1812	1864	518	
1783	169	333	1045	1959	
913	1244	699	1533	1675	
1238	460	1708	529	1420	
427	257	456	206	1112	
1891	1096	818	470	437	
199	1344	1908	197	391	
825	145	1913	278	1781	
357	38	243	18	1415	
551	1488	724	1691	1136	
591	1357	1410	696	839	
816	1443	189	1566	1860	
438	653	1402	944	497	
1644	633	102	1705	1254	
787	1069	1090	48	56	
8	1424	559	1101	431	
166	706	1013	1667	295	
691	1817	927	1731	102	
1043	915	253	1319	40	
857	732	1046	991	1364	
1778	1166	1911	1530	1434	
28	1461	1687	955	1623	
1069	606	648	1691	507	
349	1342	288	1499	211	
1661	1254	1559	1550	1241	
1191	1294	583	1132	1274	
21	1642	782	1516	123	
1328	1310	487	1825	1279	
976	1109	1088	58	583	
1083	844	540	962	1935	
1909	1407	1057	84	1743	
1982	998	619	971	377	
518	781	1022	145	1155	
1397	934	1751	205	344	
285	1559	750	1405	443	
427	512	1613	825	419	
1936	1106	1990	340	538	
957	339	115	1057	1573	
1036	1420	293	1782	1827	
5	649	177	345	1290	
569	1897	725	1736	1018	
145	798	1604	1178	1770	
846	1059	919	770	999	
1437	1041	1024	623	988	
1110	865	1433	471	1647	
302	1003	389	65	587	
932	461	938	1867	1124	
1562	796	274	925	1478	
1022	121	1646	1752	232	
462	1783	1535	1253	902	
242	670	284	1392	265	
619	1590	869	51	1738	
1995	444	586	770	1766	
277	1499	856	163	1843	
1287	596	1768	803	314	
353	811	1096	863	1870	
1371	75	1269	332	1792	
1878	137	404	1134	1855	
1231	464	1019	1067	616	
1451	1339	849	282	887	
760	1534	173	743	671	
1508	1357	55	1463	1473	
1111	249	1255	866	483	
219	1478	742	425	1070	
1948	611	1250	1842	116	
1549	433	1232	801	359	
492	1646	875	1864	1462	
83	368	415	1556	1337	
541	1864	354	1573	480	
652	945	623	89	1502	
1568	104	1352	1797	1445	
885	182	778	1434	1718	
1737	1529	1630	618	351	
476	1703	1895	1743	1621	
195	1165	1292	1986	1569	
1761	227	33	1711	319	
722	851	1779	1158	177	
1546	279	1828	107	969	
1339	413	667	1769	387	
1495	372	607	220	1596	
275	1614	1505	1460	294	
1787	892	350	1636	1708	
972	704	85	1387	1489	
878	1328	378	1557	764	
573	1427	99	1649	1982	
43	1048	1624	964	953	
556	1834	381	1129	631	
841	1456	186	1558	116	
1210	182	369	990	1361	
1906	1063	513	145	113	
683	305	1856	552	1219	
1205	291	504	709	1998	
1973	1613	1168	1884	164	
1235	1237	1582	533	296	
92	1374	846	1010	1413	
1032	563	984	457	1178	
1547	1858	1621	1822	17	
999	1951	665	1542	104	
1049	348	1135	1428	527	
495	441	1671	122	1759	
1055	645	917	1725	1555	
97	1453	1619	1446	800	
1339	1819	875	1794	306	
792	108	77	110	1447	
1850	914	225	591	787	
1585	191	686	0	294	
419	682	1094	956	1058	
229	1043	411	497	1850	
403	1771	1343	1309	260	
1584	58	219	105	1757	
817	1828	396	975	93	
1443	269	321	113	1906	
1816	1188	503	909	1636	
1745	1315	1377	15	1783	
1801	1354	1078	208	952	
627	1424	1573	731	546	
1399	328	567	519	532	
1271	540	1347	1993	1964	
728	1487	1122	324	1936	
688	74	1714	1211	710	
1102	134	1244	1719	1470	
832	912	494	292	605	
1614	2	378	1814	1006	
930	1225	941	1363	1712	
682	1317	1634	1548	1186	
311	587	692	1967	797	
939	1648	1722	1788	22	
296	1324	1767	668	118	
163	1999	930	1447	1184	
426	143	1402	1788	914	
1845	1006	753	57	735	
478	431	628	323	121	
9	142	1627	414	695	
1156	1868	1354	628	740	
1356	334	1115	672	289	
1372	1111	1229	509	42	
1536	462	1247	764	1905	
1588	1941	1441	178	1505	
590	662	305	571	1906	
1124	266	443	1458	1093	
1345	556	719	795	508	
1635	1696	529	1771	1199	
1094	259	174	468	29	
343	1247	217	737	1928	
70	351	404	1184	1882	
1898	1661	1632	1475	188	
1556	1460	1684	1351	1705	
1701	1920	1705	594	60	
757	359	986	1333	250	
1529	1666	1999	375	1169	
1094	964	344	505	774	
175	349	267	903	896	
666	1209	1213	708	1324	
1196	692	1411	1192	306	
1180	1931	541	1306	766	
1243	575	1400	547	1367	
1784	1411	1702	1496	808	
197	1796	98	102	1719	
1389	212	190	427	590	
1536	798	1520	1626	1569	
695	1961	1210	1282	1523	
999	1558	938	1294	1958	
1952	100	643	173	634	
1290	413	284	1906	1194	
1296	1094	635	1350	515	
1725	1366	1217	1522	230	
759	581	107	1327	539	
606	1630	639	134	438	
1042	1947	1800	1761	1699	
244	545	1555	864	1313	
1359	1331	560	975	1192	
179	1479	1313	1330	1439	
1895	791	1520	1837	81	
380	1516	1531	714	922	
1321	706	261	526	1040	
1039	381	95	1228	1466	
1897	721	1843	224	1673	
339	1241	1134	1892	1559	
826	1637	1358	1515	1461	
1789	1532	831	1245	269	
433	1563	1500	1387	1952	
592	751	994	1505	1388	
351	253	55	1703	1792	
86	629	1790	297	1569	
1086	204	389	444	278	
1461	1614	1871	705	1853	
1193	291	529	1999	1758	
912	534	1520	234	761	
1510	11	237	204	1555	
709	1116	940	1745	771	
194	737	382	1920	1484	
1668	1425	246	1070	901	
1028	34	957	906	162	
1258	1784	978	1965	1304	
1369	685	1909	1753	1359	
228	1708	680	1191	1179	
316	355	369	1317	1848	
1587	1446	948	1304	98	
1941	575	1824	1485	484	
793	1401	355	1386	1117	
305	1745	1515	21	1982	
966	297	461	103	371	
183	95	1180	838	1385	
1310	268	484	12	1461	
1422	1400	1253	1242	462	
1474	555	1781	262	771	
1195	428	1200	1898	1201	
814	704	854	58	1263	
740	1824	521	831	73	
203	1808	912	1649	1143	
534	1118	1733	408	292	
1998	1673	907	110	1966	
1753	1981	304	904	1788	
1969	395	104	76	1304	
510	345	510	1412	420	
1008	1373	1071	30	1666	
384	178	219	496	413	
1044	418	70	146	378	
276	123	197	698	748	
1701	1001	146	1932	202	
1137	1073	1083	1271	830	
1558	182	1474	1057	565	
617	181	1524	1287	1712	
835	1268	1058	464	1179	
1349	1459	470	1041	1042	
770	1632	738	1920	131	
177	585	1204	772	1555	
967	768	363	1200	812	
1220	1154	1895	664	274	
1782	1781	1210	1544	1483	
1394	589	737	1912	715	
875	554	1024	1852	1592	
269	274	1877	1453	421	
826	522	1931	1179	166	
1549	439	1072	1578	636	
1152	1757	1268	569	1250	
1053	434	984	927	1859	
639	277	1454	39	1809	
19	1614	639	1655	505	
1245	1179	1927	666	75	
152	56	1710	770	290	
1388	1117	413	119	1253	
1633	815	392	1716	17	
634	1307	432	581	490	
81	833	626	357	1291	
951	1501	714	1275	1142	
529	1464	1750	297	447	
762	1517	1545	278	770	
1729	1573	709	1932	537	
292	1521	1510	212	1272	
222	466	1506	671	329	
1933	1801	1738	60	1756	
13	1320	439	870	1050	
1525	1315	439	1930	1000	
1475	1668	1854	1699	1456	
250	747	511	450	1498	
555	799	418	1895	1827	
144	719	393	1760	1963	
39	1274	664	1556	785	
1589	1220	219	787	1112	
1577	1298	1919	719	1168	
1172	1423	1356	1444	1841	
478	1603	408	1840	1413	
1133	619	923	1057	1306	
1409	1679	990	436	153	
1947	399	1824	219	1635	
1266	1214	141	239	70	
954	96	1883	421	1719	
809	1862	925	1540	1554	
608	1677	983	1864	585	
1590	1404	0	126	796	
704	1920	1721	164	51	
1128	923	1925	268	35	
1366	514	182	941	793	
1055	691	1908	217	472	
1954	373	1639	1736	1942	
1623	1970	1868	1166	1260	
1955	306	1044	284	1393	
333	552	586	225	1044	
1131	1642	828	857	71	
1384	1541	1473	1671	65	
1238	1167	1381	895	500	
1666	1537	739	481	1292	
1713	830	1719	1083	224	
701	1452	210	569	603	
1577	362	311	1608	1369	
87	648	309	93	1542	
1736	384	1475	1902	1184	
1142	1240	680	1729	89	
1851	1161	1836	1361	1750	
796	602	1621	94	1038	
1386	404	1416	64	1796	
1970	80	1065	1053	931	
490	1035	422	1512	686	
1884	112	1826	1546	958	
1038	96	1132	1721	1384	
606	1887	341	1860	222	
218	1470	653	1804	786	
1314	1941	1683	358	335	
1584	1867	1147	159	612	
1834	87	1502	524	1957	
736	703	1379	962	995	
560	993	1785	1091	1017	
1246	740	1717	1630	287	
1377	751	987	906	441	
395	904	835	1840	62	
1379	1027	557	483	1439	
534	1101	359	732	1433	
960	89	339	1874	1285	
701	901	1961	1997	1146	
333	1207	600	1778	1920	
745	572	762	17	370	
471	632	667	554	1582	
1206	1848	743	914	1822	
809	444	437	881	1486	
1776	639	262	365	857	
770	370	1368	655	412	
1703	588	380	298	292	
1950	1163	136	336	394	
130	1025	1951	1216	1838	
233	1415	601	1855	1863	
581	609	1722	554	1526	
1412	1125	1058	649	398	
1444	1814	772	1196	491	
1300	1116	570	1016	422	
991	229	643	1521	1920	
845	813	430	1330	937	
359	1003	298	651	234	
299	808	1263	770	159	
951	1844	941	1925	915	
896	831	1529	1011	682	
269	1638	1285	844	1472	
359	1210	284	1132	232	
397	1909	1380	444	603	
669	1501	1542	1401	1425	
1828	1010	1427	62	1715	
1191	268	239	1360	931	
45	746	1887	488	13	
1802	1722	1067	1463	336	
1605	1088	1477	1776	725	
799	1333	1678	378	191	
1204	1771	950	18	1313	
819	1733	753	192	970	
1421	1067	1409	61	638	
1215	352	112	1065	364	
1991	899	633	914	1549	
447	42	967	319	727	
1639	1397	1131	961	453	
1904	1822	968	49	1370	
231	973	1383	1360	576	
952	1585	796	733	1562	
960	75	614	1598	903	
1673	907	53	1449	1066	
923	1420	1737	1048	1871	
218	321	1976	1674	500	
212	1196	309	427	1898	
1919	541	194	1881	638	
1437	1623	684	1551	1323	
944	1065	1726	1676	835	
1372	1009	1318	568	791	
658	1759	1979	1797	1485	
241	1624	245	43	1505	
1477	1417	476	545	900	
742	74	1056	539	944	
129	1855	762	1012	112	
1331	1149	411	803	1163	
860	1430	1840	1417	492	
849	272	1802	1244	1006	
1957	723	855	1873	1806	
820	1518	531	1696	353	
1476	1669	1989	613	1563	
1787	25	1721	82	1111	
750	808	1235	1249	1869	
693	1840	1095	1928	1229	
852	448	1856	1989	760	
1770	110	782	79	557	
1447	737	124	1087	262	
1802	1629	555	738	1422	
675	108	1279	1354	174	
566	1799	1101	1916	93	
726	424	1131	1258	404	
1329	400	1155	660	1354	
1644	1575	256	80	1739	
1853	1325	946	765	1200	
1750	1953	248	1330	1689	
60	1393	1146	263	127	
79	1579	258	861	409	
1949	1518	1903	1125	1253	
115	1428	297	910	663	
1953	715	1720	1289	356	
1942	353	75	499	1956	
696	373	416	671	1412	
360	1075	1494	1191	883	
1308	1163	1981	1422	1384	
1409	1083	1395	25	833	
626	1155	1997	314	216	
920	329	710	1875	1809	
119	731	1863	1058	610	
1985	670	863	1178	1581	
1423	1926	995	521	1157	
764	256	1744	586	1474	
177	281	15	41	371	
996	1728	647	5	1970	
1118	41	1490	447	1534	
538	1243	71	880	492	
1600	1563	603	807	1703	
1303	198	1403	2	1795	
1586	906	1216	1380	1368	
396	1116	270	741	1805	
103	1357	1073	1891	1868	
1066	430	1534	443	752	
1464	1602	1260	1517	1476	
1281	547	268	983	611	
1872	58	1534	1075	1557	
1171	1025	1449	1532	1668	
386	1460	244	144	1173	
927	349	1509	1166	789	
898	1153	440	1330	307	
1323	1730	1449	1561	1533	
1429	530	1451	1533	891	
183	1501	270	535	36	
1506	237	168	784	1103	
1143	1745	600	1092	283	
1004	433	471	629	1804	
1340	1377	460	1992	342	
1882	1313	108	1986	1830	
1639	1429	52	1267	936	
1102	1496	151	902	1047	
1543	569	425	446	1359	
325	809	910	723	1826	
1274	981	1523	1593	293	
1907	1390	1929	737	1739	
1431	174	1453	203	1502	
460	686	574	406	1523	
379	702	1299	1006	375	
1132	399	957	1522	1908	
1738	1613	1497	1995	688	
1320	1281	515	1818	939	
1237	375	74	766	1306	
165	638	512	72	90	
358	213	971	54	1668	
1061	1028	1010	413	1196	
763	1775	1631	1322	1909	
346	142	798	1	1027	
1109	932	880	1304	1535	
1368	491	1689	1040	646	
637	1591	1915	1074	359	
1999	619	519	669	1665	
721	1478	468	567	9	
1233	1468	1469	1318	1042	
517	1556	253	539	1231	
713	354	977	131	725	
1223	1991	114	1152	1954	
509	651	408	1152	1480	
1710	1008	590	1662	273	
171	470	1651	42	1392	
700	1433	260	430	746	
413	985	1287	1010	212	
1472	1994	1416	1926	1158	
850	1194	1832	438	1618	
899	815	1698	668	1009	
557	1965	1160	527	316	
1700	405	1871	1914	1823	
416	53	701	1560	1069	
1343	894	1435	263	1443	
1669	1982	1733	981	1792	
1772	612	1351	728	1618	
1425	1037	494	1044	1766	
855	1332	934	1470	1180	
1778	1030	1582	1342	1988	
285	1708	723	943	283	
317	267	921	314	904	
228	1632	1479	1123	1036	
725	546	1223	567	1414	
1556	432	1384	846	1656	
455	990	873	612	966	
437	1058	167	872	980	
326	734	627	137	457	
761	244	830	42	1793	
1495	1328	1812	1529	1873	
219	917	258	1143	183	
558	465	613	1118	682	
1646	994	841	458	896	
992	298	1396	1925	1882	
573	15	1324	1096	157	
1682	938	1803	1896	914	
392	807	1996	830	1941	
1602	1295	982	694	692	
360	938	599	502	1446	
837	1016	49	406	1613	
131	1238	1338	1087	106	
1969	1737	1745	360	1780	
139	1466	486	226	183	
1810	1043	1810	1697	320	
806	895	568	1280	1468	
1844	46	923	373	1971	
188	80	449	1035	572	
847	357	367	515	875	
1996	258	1179	365	1836	
274	1652	1384	1557	951	
1840	404	1842	268	713	
1354	1293	370	1203	419	
1769	857	143	26	1763	
1932	449	1024	1778	1709	
1751	248	789	1240	1725	
1210	1362	587	730	1049	
1042	1608	1290	843	1738	
452	299	1985	1557	872	
697	290	1128	648	1713	
1662	980	813	1851	517	
912	1372	1085	1015	1473	
1323	1572	1598	643	1388	
1254	821	1163	1822	416	
1621	1973	1321	907	1852	
1457	1839	650	1404	1431	
1315	79	1097	1509	632	
1254	1768	1133	1552	820	
1968	1637	1094	1973	793	
440	1138	1052	787	1008	
1889	1789	1698	1448	267	
1441	1977	909	143	1511	
300	242	771	23	1039	
5	742	1212	830	433	
672	172	233	1024	1878	
696	1787	185	1984	459	
200	228	160	263	1153	
1610	558	1913	1944	1852	
1951	1719	1146	524	1408	
397	1775	1357	234	1755	
282	1782	753	1691	1688	
95	947	796	1295	793	
495	87	1644	76	1076	
859	1198	1884	805	54	
1239	203	1820	176	88	
546	829	201	1674	1937	
1742	999	733	1738	1110	
1439	1105	850	1632	1214	
1273	869	255	1198	390	
1620	512	448	1887	310	
1121	1889	388	513	166	
375	752	1004	627	1762	
708	1032	1279	1449	247	
45	1461	44	1918	1748	
1798	90	1527	908	1047	
1542	1159	583	1442	63	
1654	1411	945	673	1071	
303	1840	1383	1174	1593	
1762	1261	76	1619	1712	
869	343	708	1175	1812	
8	190	753	747	1735	
1879	1976	1523	119	1994	
1647	1059	1379	1252	1578	
107	1061	477	143	1617	
580	638	813	1301	591	
1426	1834	1166	158	1347	
607	688	1034	931	1272	
770	1417	1210	1285	1679	
1865	492	978	1878	619	
1065	1672	667	362	1786	
919	1993	1955	975	1741	
1127	1784	32	1537	913	
528	662	31	1979	1498	
1861	1788	1106	454	560	
1952	1804	313	446	1453	
1973	1090	1729	322	1232	
1773	103	787	1502	350	
323	841	635	1548	1370	
248	322	1880	116	471	
135	621	285	1968	1944	
874	550	1862	1478	761	
864	1128	803	1240	1553	
881	1067	1679	1356	1111	
1809	1919	1703	954	1804	
843	1575	724	1684	1906	
1037	104	845	1286	850	
1497	136	1640	976	90	
1526	539	1017	1676	1226	
1600	708	1665	992	1996	
1900	1593	1221	1675	1078	
1688	763	100	1812	857	
712	1736	1855	1626	120	
866	398	995	649	1726	
841	1354	872	1511	1518	
593	227	554	1332	1221	
1718	1603	1460	1739	831	
1905	225	1374	1304	96	
1681	178	1266	268	1731	
1073	61	948	613	1457	
1704	1649	1434	1938	623	
1063	1014	1575	1685	60	
1362	1482	1569	1585	1815	
797	1079	1926	148	793	
1362	827	649	888	621	
1814	60	1692	391	646	
1213	1632	1269	1295	526	
756	1404	565	1431	53	
1653	1524	393	1723	299	
1258	34	17	1200	478	
354	501	1618	1268	1577	
10	305	872	1792	1416	
732	846	971	936	999	
1436	86	1538	1163	353	
1978	1008	406	398	663	
53	1350	865	833	1	
1539	1004	1724	1177	735	
1324	53	65	1904	1328	
532	72	645	1968	1554	
1304	1182	236	1022	1580	
611	856	310	91	522	
1727	1708	1768	1215	1239	
495	177	1304	1989	1297	
310	898	1410	1384	429	
1836	1722	999	385	1557	
1565	1236	1697	268	506	
325	1387	1729	1142	1833	
1895	418	479	1745	1659	
113	895	517	1978	1314	
1300	1546	132	1611	719	
187	693	1117	1907	1970	
1811	938	1033	1842	1322	
1119	1507	404	1647	764	
582	1219	695	541	1290	
790	707	849	1126	1938	
724	1542	1134	1831	1786	
1373	1255	1046	370	709	
1807	113	1797	897	295	
1139	780	1096	622	523	
859	122	1805	490	1161	
833	1519	599	700	1034	
1788	608	1374	1259	19	
176	1916	405	1797	588	
1019	162	677	479	292	
189	920	1336	1679	1926	
1744	841	604	56	883	
1968	434	339	1359	219	
765	1445	728	1068	1689	
1815	1078	72	964	1527	
298	1609	1298	244	1338	
1729	559	771	780	1993	
1258	230	673	335	418	
1741	1743	1573	1517	922	
1369	499	1211	1730	67	
1357	637	1507	576	1843	
560	1394	322	747	1408	
1868	782	171	1027	651	
438	905	666	843	648	
176	1896	1663	1910	1686	
1848	759	1270	102	773	
152	256	1173	109	82	
1669	954	1432	919	120	
1920	1028	1486	128	1592	
1700	836	15	533	939	
758	1298	1337	939	250	
1467	735	188	1217	773	
1597	692	1149	1793	325	
1726	594	1688	1761	829	
201	453	1636	936	1517	
1577	1629	549	1759	566	
1476	864	1207	1955	1402	
1411	667	148	463	1536	
866	932	1776	1808	146	
739	408	40	1727	994	
1612	367	1341	1932	32	
513	1134	873	1229	191	
1551	208	283	1358	1986	
1922	598	911	1870	1998	
1263	1665	1247	1616	478	
964	837	973	691	918	
1194	1930	1798	1746	579	
774	284	1130	181	839	
1437	1078	1105	893	1546	
1880	938	1108	1234	1588	
127	1776	1723	659	1971	
76	1212	1337	1502	193	
365	1120	1443	326	1144	
133	1866	1383	1732	672	
637	1283	1429	1453	989	
1208	1093	327	1735	1136	
1134	893	1365	1164	634	
661	1948	138	1609	1827	
753	1771	896	424	1486	
743	793	500	683	762	
1295	822	727	1159	1804	
1269	1674	662	671	983	
103	1239	1633	1795	185	
826	1873	1076	427	391	
506	625	409	1981	1717	
528	306	1608	946	1277	
802	1348	1218	25	131	
1645	1895	410	1177	799	
712	839	24	973	1524	
1606	930	836	1964	735	
419	518	1867	1004	1487	
789	143	532	992	867	
1315	246	666	53	1256	
1993	1608	1154	1870	103	
1682	138	217	116	1286	
1613	1394	237	13	1491	
670	687	81	1144	1491	
1715	38	1147	1612	594	
1759	716	359	967	1832	
772	1486	1558	1571	837	
1552	36	788	840	1282	
870	1362	1228	248	329	
1414	182	1756	16	16	
1796	211	843	159	484	
1997	1900	1628	592	71	
865	499	630	407	443	
243	1803	1610	739	1648	
940	1531	340	496	1830	
1482	917	1740	567	53	
649	978	44	1299	64	
1654	1520	1289	1762	714	
651	1126	1176	856	1234	
997	608	1721	1611	279	
1406	509	751	931	51	
1783	1758	587	1066	180	
1075	82	171	496	1221	
10	1037	438	182	1677	
901	1715	9	614	1672	
1927	1213	1182	587	813	
1678	1936	13	484	345	
1811	1162	1060	1192	1820	
164	1829	1509	303	858	
1465	1878	1729	1631	656	
1119	1528	253	1525	901	
1984	1040	283	103	1930	
393	1254	152	1309	258	
701	1649	1218	1558	583	
1478	685	59	1336	130	
1395	9	1947	849	771	
385	703	683	940	1825	
124	1340	539	1297	665	
451	706	265	1305	1124	
581	394	459	1348	417	
1675	1979	874	1685	646	
733	766	911	749	1335	
1539	38	1217	1677	361	
1290	1854	21	1733	1241	
1174	1909	1954	1130	33	
1513	1023	937	1804	1795	
602	1756	808	1733	1109	
497	1689	1491	312	1038	
1473	764	395	1471	904	
1971	258	1365	108	1260	
1165	1238	416	1226	272	
1185	1550	699	953	1417	
1930	273	286	1582	1766	
625	1210	1256	1934	1063	
1233	866	339	719	470	
1205	569	1320	538	1227	
746	1564	404	144	854	
817	1620	1208	1295	23	
709	784	1633	1052	1117	
1648	408	650	134	72	
1254	1105	908	1552	1196	
1848	731	358	1010	906	
1016	1949	1929	982	765	
1576	1642	221	75	1663	
1493	1772	1068	66	672	
1129	1731	713	1828	989	
1148	30	1372	1728	358	
271	647	190	1900	622	
168	669	1829	62	1261	
1134	1493	1505	181	687	
708	493	236	1995	730	
1637	1372	1851	1147	1178	
1607	1417	109	1157	662	
1317	1031	569	438	1498	
202	82	986	987	344	
1679	969	1751	1355	77	
1058	115	1196	483	879	
372	322	439	693	1691	
1161	1183	1388	1691	317	
659	25	896	367	990	
805	803	72	1698	1705	
1798	722	1387	1689	226	
196	1301	903	1684	1683	
212	1963	1726	53	1673	
490	1373	543	43	513	
1555	116	1708	404	872	
765	944	1665	502	908	
1718	1128	1386	963	1976	
259	1654	332	640	213	
1439	876	1713	1048	262	
654	254	892	112	1963	
651	1155	780	1393	177	
1188	869	781	885	1542	
1111	579	1057	1256	1168	
274	899	953	1960	1530	
1091	843	455	284	1106	
1801	1556	162	211	170	
989	1417	231	461	331	
1808	1522	93	1565	1540	
1597	1728	97	736	840	
1025	1080	412	267	919	
1400	1727	1162	906	1810	
874	1750	691	271	93	
543	633	32	1826	1622	
1364	120	487	563	1222	
378	1534	1765	210	1093	
596	426	711	1585	485	
1110	1563	1141	1695	564	
1021	1229	824	214	1561	
1684	1578	180	1921	1008	
1070	337	1067	646	864	
1631	1360	752	1399	1925	
208	1127	958	388	1037	
864	1052	1617	1882	1388	
1201	1874	806	1791	1619	
1970	1636	1130	346	1243	
1577	1838	33	204	1132	
218	159	1530	555	341	
218	509	408	1418	1276	
74	1875	1121	1337	955	
267	277	1318	220	351	
1874	1290	973	1660	598	
24	587	1562	962	758	
1166	1824	83	245	858	
1782	839	1060	244	376	
7	1347	39	143	1399	
1710	89	940	1643	1657	
1937	1372	1239	263	1944	
492	836	1965	614	512	
351	1573	328	1714	206	
1998	821	209	278	516	
1814	844	1189	902	184	
7	1243	341	78	1866	
443	675	1645	1266	749	
883	174	749	675	1765	
1144	786	361	1556	257	
1168	1959	441	383	370	
907	687	524	1006	669	
1619	1660	1927	173	1562	
1367	1220	1965	268	1114	
561	1949	1517	1360	1690	
1400	1680	1907	109	158	
1789	462	1655	69	1660	
713	1719	830	1365	730	
1147	1283	1287	560	1668	
1788	1707	560	991	1676	
232	202	1716	1018	1058	
146	537	526	813	1817	
133	1064	844	1359	1890	
293	1712	1399	488	1162	
1593	804	1274	766	1397	
120	1942	1653	1858	1301	
3	1920	1790	73	756	
1017	289	332	1935	1910	
1656	1858	665	447	1287	
139	330	514	411	753	
1783	292	220	1085	513	
107	1830	1111	1577	83	
1559	429	1887	583	1462	
609	801	1426	880	1600	
591	880	1150	63	1685	
892	631	59	130	1930	
413	386	1818	1580	993	
1646	1141	1614	762	538	
1912	291	767	1420	712	
931	993	1112	1274	1681	
1360	833	1319	1783	643	
24	1967	1147	391	262	
1884	1910	118	74	1325	
249	1505	162	561	782	
76	1337	1327	1829	1314	
56	1261	1744	1671	1342	
1608	417	1488	881	87	
696	295	1953	793	1028	
597	293	1177	1481	313	
767	757	264	952	1790	
1586	124	1529	1863	1220	
352	31	1399	460	1056	
1812	576	358	426	1698	
441	1809	467	1525	1757	
971	918	1354	100	916	
673	1751	55	1902	848	
641	1114	184	1155	1836	
1913	140	317	1892	1873	
1954	428	763	242	1053	
294	71	1641	1663	39	
1198	1032	1987	1905	705	
1754	1183	498	1903	1550	
579	1102	1969	641	118	
996	390	1654	970	291	
1870	715	1038	1347	1664	
1407	949	1043	1366	864	
1349	769	317	1252	1651	
135	1763	368	259	970	
1474	857	1765	1778	1544	
476	197	1775	575	1196	
720	1284	1131	709	1758	
1939	1945	1008	1469	1077	
352	1358	144	333	1783	
294	1675	162	1172	554	
891	1379	480	1636	896	
1244	913	1843	560	1695	
1242	236	391	1481	651	
59	1438	1737	1696	733	
378	1517	328	1317	372	
694	1668	353	1776	1994	
1715	951	880	1825	1124	
859	1491	1187	1817	1749	
1268	9	508	721	1006	
1077	1886	520	1256	1296	
1709	725	1644	483	888	
1871	153	221	1263	1631	
882	821	37	1788	1645	
1269	1635	501	1779	1799	
584	731	1045	481	1565	
1453	1986	410	1879	1944	
17	45	1186	1245	198	
1167	1233	1044	1538	509	
85	965	1668	564	1001	
1361	1532	315	1425	307	
912	1905	13	16	1526	
974	72	932	1923	1488	
435	1813	1492	568	272	
541	1345	1284	142	890	
335	731	1257	194	183	
222	80	1893	830	542	
1489	768	1149	989	908	
905	1524	1361	1562	299	
1108	1637	1653	261	1807	
56	582	32	984	770	
1969	74	873	935	1060	
815	1975	1733	734	1480	
1546	1284	136	725	651	
1359	1915	358	1595	653	
1142	254	134	183	1698	
1160	1867	814	1886	935	
1416	1939	74	1503	608	
1128	1018	1160	1267	38	
1554	424	1934	1290	897	
1617	929	1078	216	782	
1774	1307	1561	1125	1777	
1926	794	1655	659	465	
1133	745	37	1409	11	
531	152	1919	1595	588	
1480	1292	1241	1799	687	
1786	1597	1554	1192	551	
927	1330	1946	919	1295	
223	1940	1267	540	1742	
924	1954	870	447	90	
896	1034	875	1360	111	
910	56	985	416	1067	
1273	1180	752	1812	265	
1536	685	1422	1049	1946	
52	1183	1505	1468	1086	
1313	201	942	93	814	
425	1328	637	1431	1338	
949	1853	279	1808	947	
1905	519	1136	1926	1640	
625	1593	460	1201	191	
1700	1239	463	1026	522	
1060	1566	77	1927	1996	
73	1301	126	1343	1552	
1435	1429	42	781	764	
483	1842	1905	1094	1502	
1420	1105	505	800	1817	
1431	1554	1351	637	336	
1700	547	941	280	1519	
16	211	699	818	1795	
6	333	358	1519	1296	
1570	1694	234	738	317	
595	1043	1172	960	348	
603	722	1810	980	1758	
568	1942	228	848	1239	
688	975	778	966	1231	
886	123	1198	1183	820	
1762	987	677	1752	424	
1034	1512	1211	1672	803	
668	1941	289	820	1227	
701	600	346	1734	387	
1508	1957	773	375	459	
1079	1136	832	1979	506	
58	348	1920	1478	1282	
1672	358	1622	68	1546	
1521	1952	766	1804	835	
1231	1457	1016	1005	1718	
1039	1272	208	108	932	
585	1523	1411	567	441	
251	711	1148	1162	913	
86	724	1051	88	1007	
786	1243	461	1625	802	
919	696	1607	301	614	
675	1614	918	504	1343	
1048	1081	1798	3	989	
1427	205	955	9	654	
428	830	1827	1740	548	
965	1821	1905	1155	405	
1539	279	1868	510	1087	
1099	551	692	1463	1331	
339	530	1084	287	1413	
1271	1923	1421	295	1230	
807	1779	1216	67	1760	
1502	1016	1018	1512	1742	
1798	245	1085	70	428	
1170	1851	106	750	992	
1421	1449	1052	161	401	
1107	907	1671	1977	1653	
380	1148	550	1753	1462	
1107	1466	1253	1439	719	
423	1457	1887	828	252	
839	1102	1311	1125	1479	
800	52	867	457	1784	
1275	98	704	1319	214	
145	1171	296	654	1942	
1509	623	1955	1684	1970	
1368	1015	67	13	1299	
439	1051	73	1015	1651	
1762	1398	740	756	1337	
1051	1619	833	556	967	
342	464	1504	50	990	
812	458	1354	695	1247	
231	520	1500	619	415	
1559	1213	1034	720	901	
222	23	1513	1134	364	
1355	565	1086	380	915	
211	1872	704	503	1493	
1486	1171	1162	1895	1817	
1490	1458	435	692	634	
1466	1928	1814	1450	1276	
1912	1670	1925	398	988	
244	1541	1882	1977	407	
812	1504	170	206	533	
921	198	1192	1375	1671	
448	1090	475	421	1275	
1982	432	1561	337	75	
1074	1541	1282	181	1337	
1081	608	572	1158	885	
949	1005	1574	1353	1558	
398	52	686	1964	1180	
1025	260	646	292	374	
1039	392	957	223	1972	
1888	970	1377	1147	268	
1930	1405	568	1092	1221	
769	1191	1027	1381	651	
113	819	723	1829	787	
554	1670	553	520	1177	
1348	185	333	1889	1618	
1250	942	99	42	973	
944	1015	1728	1179	2	
757	1063	970	985	680	
159	1615	1642	1216	1718	
841	1964	845	1297	413	
1636	1105	798	1734	1515	
596	404	1911	692	10	
1996	1077	1216	742	1236	
87	1656	1607	180	879	
191	1843	1890	741	889	
1802	1827	1064	401	825	
509	1835	1572	148	1121	
9	1600	1406	996	258	
2	1778	648	1263	441	
302	645	555	937	101	
1886	1669	1112	1558	1479	
1218	433	1672	242	214	
149	625	184	1571	679	
1737	1202	139	1265	234	
602	1029	1211	1351	1961	
444	945	1870	1169	141	
86	692	1517	1631	1365	
1470	94	1598	968	15	
1250	1686	1300	898	1880	
863	150	1450	1076	1416	
1466	786	1422	1666	1551	
1384	332	1656	1160	936	
421	409	199	1244	1195	
1439	769	350	1186	468	
426	955	415	933	904	
1635	561	1852	212	680	
1736	640	2	850	1607	
725	668	774	928	806	
1591	1637	1636	1660	787	
916	1	314	1977	63	
204	1781	1840	459	283	
926	719	1770	433	1037	
1123	1563	1590	1574	1942	
1600	905	363	1348	685	
722	130	854	412	1052	
290	815	144	1238	83	
1785	1557	747	400	26	
1208	487	1906	385	1800	
361	1020	1836	214	733	
1958	1237	674	317	1304	
1608	1880	1406	130	1832	
531	1901	863	1575	1046	
1012	851	1328	139	1872	
390	880	1317	1650	369	
51	648	1056	734	502	
117	834	374	1829	1724	
171	1891	859	960	1699	
1588	1406	1275	1593	418	
70	1844	1216	354	1871	
1082	1763	979	1797	504	
898	358	773	1716	988	
1422	587	718	1969	1747	
1747	839	287	1437	1406	
1492	862	1152	1128	1131	
1650	479	1817	895	1385	
1303	1481	1797	1767	1262	
106	486	1580	1870	579	
504	66	1489	947	543	
1841	856	822	967	636	
1882	1388	714	1463	1851	
1365	1436	692	1195	1111	
1330	1356	211	1308	225	
253	1656	1118	1646	1063	
949	660	86	1145	1171	
1340	1372	1415	1011	1232	
1723	919	537	687	791	
1525	1925	1474	1977	928	
1842	1909	1934	569	105	
761	14	97	1177	214	
1682	968	214	1764	1019	
1194	1539	1232	1270	1350	
1433	1421	144	1667	307	
1132	454	609	1074	422	
1180	1406	364	331	198	
51	6	1311	1311	1374	
1420	406	979	551	453	
1861	622	101	1742	1495	
905	351	261	654	1106	
357	904	1066	721	506	
1829	1675	338	210	1412	
868	1319	1523	1226	1196	
173	165	1250	1689	816	
291	60	1044	221	553	
799	890	1985	1038	333	
131	696	1285	1687	1211	
1712	969	79	1994	974	
147	1323	821	417	1736	
1993	1652	1344	1693	282	
1080	78	913	1713	1704	
941	427	15	345	1585	
598	822	1996	1771	690	
1212	535	104	710	91	
1066	942	1437	1856	750	
447	1923	1566	1133	823	
1715	153	862	20	565	
1449	1043	425	1858	374	
1699	1661	396	1566	1172	
347	513	517	1540	501	
788	1478	1809	115	882	
360	298	1271	1996	289	
165	123	1159	1479	1784	
1647	1022	1935	1654	142	
295	583	1717	687	1168	
1145	627	299	1821	484	
936	243	48	1851	1123	
872	87	1407	282	1930	
1151	1183	760	1563	1892	
415	1794	1579	1597	1016	
1396	800	198	743	167	
1521	1921	1543	1971	188	
139	413	1251	269	842	
84	182	546	1159	60	
1149	1026	643	436	1163	
828	71	566	967	188	
761	1203	787	1854	1454	
158	420	595	1664	999	
1914	1849	503	1774	1770	
1652	273	1658	635	1272	
208	188	1388	1087	120	
1636	1610	794	252	1712	
592	1209	767	173	140	
1429	1356	1063	81	1394	
1016	66	1648	1259	973	
449	77	1739	1222	1216	
965	740	875	1371	391	
809	1627	590	1312	1712	
198	1136	489	1962	1411	
1542	1446	588	1012	1543	
1978	1230	98	943	727	
942	476	1070	1388	119	
1153	1516	1598	1991	1299	
1444	1601	1159	1616	147	
63	435	1730	1119	901	
1417	292	1666	1218	785	
1557	441	182	1915	954	
959	708	317	1728	1474	
1234	492	581	731	1687	
408	749	1088	1815	186	
1199	690	1684	1079	1743	
1608	1129	1400	1331	296	
715	1105	1872	1459	1838	
180	951	1450	1946	1325	
1486	1753	1767	1077	1478	
1388	1591	725	557	814	
1753	1601	43	1088	1985	
811	1798	372	744	1875	
1091	536	147	1747	640	
154	473	50	1258	867	
1383	1634	1070	262	1617	
931	106	656	1311	155	
962	1055	854	1093	825	
953	702	1972	459	911	
1056	1423	1185	231	759	
665	1455	225	1152	1308	
1239	139	72	1563	180	
1946	853	1717	1003	415	
335	437	689	1631	1439	
1262	1704	992	1095	1358	
413	1236	690	1372	865	
1485	1338	307	150	1074	
1795	899	277	1022	1260	
1917	1767	981	1438	888	
453	1232	686	548	1366	
381	923	1699	329	1926	
1443	872	1481	440	1497	
1702	963	1246	1693	1047	
792	1437	1269	534	561	
1223	596	143	1368	634	
1334	1648	1673	1032	201	
319	1256	1170	1515	1045	
1696	114	1743	1334	99	
1687	1587	564	1122	369	
1872	1294	1267	1743	1507	
1619	574	251	1708	1890	
1530	1338	1838	1660	1923	
314	71	632	1444	1894	
939	947	1852	1977	1206	
666	1654	576	1980	798	
1066	83	1922	1439	711	
1136	1152	571	1125	733	
731	1766	1762	49	901	
1665	1303	1431	713	1480	
1253	1020	654	1539	1926	
423	177	1890	819	320	
29	810	1321	239	1780	
280	869	1944	929	1045	
1686	198	1618	186	1224	
878	1268	523	376	1451	
1711	814	1536	1256	949	
606	1777	427	100	222	
289	858	1310	749	140	
158	1614	870	1693	1934	
26	843	728	726	864	
667	279	914	51	509	
1106	1825	209	1952	609	
1316	1876	935	1210	130	
194	1519	353	519	971	
1794	1694	656	1899	1212	
483	735	1782	566	412	
1912	734	172	1784	1316	
237	688	331	1590	1370	
743	519	294	1714	1788	
93	1924	1592	441	1351	
1311	723	1935	1329	1352	
1396	1443	1958	618	1858	
197	1777	577	72	1022	
930	1713	1247	780	197	
1682	1218	1054	971	891	
1196	1833	273	1912	706	
1924	1898	1657	55	545	
394	51	936	287	1567	
1768	986	1949	665	845	
1205	581	1266	1745	1609	
1032	1992	1812	702	1914	
1169	318	953	980	23	
635	1867	1715	511	1690	
1582	803	108	709	1728	
1687	1409	1213	885	1614	
441	1363	1514	833	892	
51	974	1572	82	33	
90	562	1636	1836	1862	
1975	683	37	191	983	
1442	1586	1485	1934	1576	
1069	1520	1732	157	648	
776	1887	1576	1224	335	
433	1956	1092	1323	818	
296	1060	142	504	1040	
332	215	1630	396	1589	
652	1875	1034	728	792	
1770	1446	384	1603	685	
14	1178	1227	1125	1596	
1163	327	801	457	783	
663	260	1377	1678	1445	
433	811	1488	259	974	
1215	1839	324	312	1640	
913	1174	1758	1329	633	
362	516	1334	1234	1581	
1139	1442	1369	1799	767	
1271	1061	1695	506	1807	
183	1036	1216	475	445	
1143	47	420	9	1348	
22	907	484	544	1859	
1854	245	1885	578	1263	
1949	1255	498	1785	62	
1718	9	1207	1534	1763	
426	895	1542	1858	1323	
1565	1894	1123	256	362	
1977	391	120	904	1042	
1489	185	769	1348	1923	
266	805	779	1456	938	
1890	1849	397	331	1889	
1777	1254	705	1996	284	
1348	1031	1728	1057	322	
1046	1913	427	1970	299	
883	667	1610	535	345	
841	981	1498	765	1047	
241	1050	404	747	876	
1698	5	687	1989	518	
907	13	198	623	825	
1106	1189	637	1871	1477	
864	26	1299	630	879	
994	70	1889	958	1882	
1367	1342	606	111	1781	
8	434	606	754	884	
36	587	1991	1036	331	
1968	1875	1991	415	1960	
138	137	538	1426	1521	
1808	983	1437	1494	1859	
1379	436	922	1376	1970	
421	1662	1687	260	1046	
877	1847	1818	1541	842	
1114	288	1233	431	246	
817	1212	414	1391	1044	
819	737	1909	91	1785	
1367	76	1916	1421	651	
56	1878	599	426	993	
1434	267	117	825	1228	
1131	834	814	772	1912	
985	127	999	165	1017	
1360	1354	904	98	1524	
1499	1386	302	1344	1996	
736	1010	1539	989	1350	
1499	1349	1195	1073	1191	
1182	209	146	1527	774	
1372	146	117	119	416	
1202	1836	820	1363	1214	
1929	1826	58	1223	1086	
1291	1720	1927	1130	1216	
1289	325	337	136	440	
1219	1575	1165	598	1446	
1430	1259	1688	1266	42	
454	1897	1112	42	714	
1939	469	725	1970	1209	
813	1700	124	8	167	
364	100	491	421	1914	
1518	1500	1246	1768	547	
1979	86	127	236	688	
454	604	148	1978	602	
173	1247	200	1620	503	
1438	103	1640	1603	1703	
1107	1023	435	1991	706	
110	1460	1286	1893	330	
1975	895	111	891	1549	
259	1963	919	41	1248	
886	797	1418	123	1259	
1896	511	987	942	1831	
4	826	1134	560	316	
857	1520	1059	1583	1593	
1812	402	671	762	1423	
1172	1317	1188	1949	1008	
1667	1970	658	1033	404	
1829	1131	40	928	168	
727	1827	1591	638	1132	
914	47	237	153	217	
1256	1035	1624	11	1698	
1560	1563	1694	1843	1420	
1635	1890	14	1651	1169	
861	1908	502	490	997	
1275	1290	1961	1815	1340	
430	190	672	1159	1127	
1763	860	335	895	395	
1480	469	64	1774	993	
90	191	13	200	1067	
519	1169	1482	1962	1713	
1573	1687	1520	1088	1994	
1796	1834	668	820	3	
657	1032	475	1271	1424	
934	1973	338	451	835	
812	1792	1991	317	595	
160	1974	1778	1771	151	
1121	1780	1251	1141	910	
1052	282	378	457	1321	
797	1738	1261	1112	1952	
931	1802	1875	319	1221	
30	244	779	1760	941	
841	176	779	622	1211	
1634	161	310	236	433	
856	1654	1043	142	552	
282	164	1758	1766	1898	
887	888	23	429	1879	
1901	1552	1370	1456	613	
557	1585	635	981	468	
1044	839	1268	1696	1320	
368	1575	276	1187	1853	
1494	951	1897	1754	1707	
1611	109	1968	364	228	
655	454	435	1068	781	
911	1291	6	1911	85	
893	1673	288	645	721	
1292	280	1330	1536	728	
598	1253	66	1011	390	
311	1323	1445	1462	1075	
1487	234	942	431	1760	
941	152	809	964	1608	
322	1585	1941	59	473	
886	222	1240	1542	238	
1869	1485	931	195	1917	
739	1988	962	483	227	
1292	342	1446	1508	1674	
339	1408	910	718	1997	
625	411	495	1587	277	
1625	112	414	1447	624	
1854	1629	2	1119	1601	
1313	800	1552	1592	1508	
482	1	1371	1887	649	
1179	444	918	681	679	
1001	971	705	714	914	
333	1968	456	637	528	
1664	1209	647	1295	990	
957	929	1641	1446	341	
817	1749	957	1632	1537	
514	299	175	1560	1107	
1705	1794	206	600	1254	
581	1866	1804	1567	1187	
1315	1637	1532	1675	469	
996	1130	1191	15	679	
264	999	916	1752	1364	
1736	644	1857	1817	699	
1782	927	1156	1453	1560	
1208	77	1254	1004	1883	
1449	284	1107	1641	739	
446	1265	775	453	1631	
58	252	38	1746	341	
182	1754	585	1760	1633	
191	924	1225	1801	1756	
845	292	1859	297	847	
631	536	727	1232	268	
1191	1159	169	1907	1473	
1628	1351	1299	1632	475	
1313	523	730	1524	1986	
570	157	1784	1865	1541	
1346	1606	469	234	52	
140	348	568	1684	1249	
1030	623	1468	1158	985	
1991	1313	63	1991	201	
635	76	849	1435	657	
798	432	1078	135	1128	
1607	584	1970	1829	1906	
541	1600	1006	963	191	
1974	1894	1048	1620	983	
216	837	1196	920	1273	
948	1873	984	1324	373	
112	1147	643	1230	592	
1736	1393	766	924	900	
1831	943	1838	706	1505	
1461	611	843	1223	1847	
246	1877	1722	1874	1207	
1442	435	50	467	1395	
48	1395	764	1443	964	
757	1899	1911	393	69	
1897	1881	1249	1473	168	
1215	319	1089	1457	1110	
1076	782	318	230	84	
1348	1855	1026	1388	173	
366	1090	1076	792	1676	
238	184	565	524	773	
1920	1353	1724	321	626	
1184	1957	1311	640	1257	
345	1305	808	282	108	
1813	14	1786	353	1589	
474	1780	1079	1463	23	
839	1955	495	580	369	
790	1630	1044	690	317	
235	51	240	1082	1453	
1445	1206	1106	978	404	
634	1371	1807	79	21	
917	754	1350	692	650	
174	722	1630	1759	603	
632	1678	402	1801	1879	
7	1531	460	1288	1196	
1758	250	522	219	105	
1289	1340	88	1908	1260	
1595	1064	686	1746	1071	
184	1354	1208	1237	838	
1620	402	1727	1991	1780	
1027	405	513	511	883	
1676	1176	803	997	287	
1377	549	935	11	1133	
1326	371	1788	657	1749	
1421	371	1453	608	1565	
1779	1270	1264	892	174	
1405	1583	47	51	1723	
617	1881	1060	438	1145	
220	1203	652	1555	400	
1994	1036	1486	988	1880	
365	1533	414	414	1942	
1947	829	1465	343	1389	
1876	189	980	160	210	
1729	1703	144	1474	1211	
44	614	1572	82	75	
1911	3	240	1387	1064	
769	983	1107	1303	1338	
582	1573	504	1151	562	
1168	1743	978	395	1804	
742	1748	1678	1450	1929	
1001	1898	1730	803	1908	
1166	283	1553	1065	810	
1567	1067	300	1554	1369	
1187	993	649	284	647	
599	772	1259	1787	1900	
545	140	542	1888	1503	
1575	348	715	1093	1337	
1551	482	872	1263	1027	
78	432	1579	1696	366	
813	315	88	678	39	
991	803	483	1940	517	
165	1035	446	1744	116	
431	1384	1191	1420	203	
575	1925	148	866	183	
240	280	1645	1621	1808	
1282	1738	932	695	1079	
58	1449	639	577	1189	
957	173	612	1074	1019	
1573	1019	581	1312	1197	
1458	459	1601	1973	427	
542	45	82	1686	123	
1182	805	1843	1105	586	
1027	72	25	1867	1388	
241	1113	1741	1233	1145	
99	900	1687	1052	69	
1136	1575	1657	476	787	
1834	1355	1139	431	637	
302	1919	446	1164	252	
190	775	483	582	802	
436	1477	1122	1944	964	
121	576	883	1880	342	
1111	1172	1044	274	178	
1145	1428	1272	1785	1648	
1888	596	440	1702	1214	
946	564	1147	49	1456	
958	1546	1005	1795	1845	
942	1295	1563	860	1233	
100	1569	663	1570	1439	
1802	217	336	125	774	
1421	1239	353	1423	1471	
1236	894	142	481	193	
1598	1594	1384	1024	698	
1194	1049	1995	638	1617	
1482	1994	1012	425	1673	
866	626	1838	561	1070	
1169	1377	126	821	1098	
1595	1763	1080	633	370	
359	1663	1114	196	955	
1405	706	1553	119	326	
953	1003	1142	770	823	
1445	1324	1864	216	314	
379	1322	1945	537	321	
1573	990	1188	82	783	
956	90	988	119	351	
1839	111	609	1518	1733	
1475	859	991	1990	419	
1496	1346	290	249	654	
478	1224	119	1625	853	
1321	789	1796	226	434	
958	441	503	1712	202	
1625	1394	1999	2	1751	
1062	1965	764	592	1653	
970	1454	653	1652	448	
1020	1282	1000	1590	1588	
274	916	1090	1728	1862	
1734	1912	1731	1973	297	
1150	1269	603	1834	1195	
1646	1784	1629	426	1823	
1475	2	1675	1586	201	
1534	778	1813	1560	953	
580	683	1567	443	1863	
1959	1946	497	1683	1326	
404	591	668	722	735	
557	344	1715	431	480	
1124	88	132	1463	592	
948	1647	648	1389	1234	
1930	774	23	11	489	
1254	1509	417	153	1600	
806	1643	605	921	1855	
425	865	1300	306	1123	
357	6	1870	102	1476	
8	557	1436	1032	1401	
1920	814	1937	1134	895	
701	315	1504	1920	1836	
1815	934	62	1090	33	
578	835	1965	1830	1018	
1608	1439	790	236	1721	
1658	807	1060	572	1597	
1707	1802	1700	1039	1704	
238	556	933	1027	558	
1443	928	1259	848	26	
1418	1168	1722	928	72	
1786	960	571	1890	1005	
222	509	631	1717	1204	
19	1512	1	1535	689	
366	701	110	573	38	
246	499	1667	1479	1377	
1210	1180	539	393	1787	
1337	675	1261	1461	1506	
278	1415	1091	1773	586	
61	1387	866	1980	254	
1535	1071	1083	1801	1478	
1546	585	1183	1209	276	
1950	1011	643	1506	123	
213	1891	210	528	306	
1527	538	480	1588	1988	
1650	299	1259	274	590	
1831	925	1679	725	1313	
1659	1589	1381	1050	47	
609	1273	84	123	68	
1192	1904	608	1730	813	
1135	1921	1239	1983	1055	
987	685	391	1613	1497	
933	603	650	327	1426	
1331	668	960	1515	1600	
228	1589	1978	562	1135	
537	1425	1659	550	1585	
546	1220	660	699	1772	
1936	868	413	1821	970	
529	793	767	844	1604	
1299	1417	226	1958	688	
1473	1167	712	830	970	
1509	804	1603	1805	731	
1619	1233	1513	51	318	
740	1072	1038	467	998	
1164	1676	815	755	1533	
1727	1791	82	440	1186	
825	690	1711	1187	1357	
1374	1385	1004	82	559	
553	187	892	672	1235	
1255	1078	1864	916	444	
1275	445	1432	1544	298	
1940	1835	81	1407	1816	
1630	607	357	1263	321	
1524	1512	1537	460	1684	
814	541	1892	588	992	
1545	505	728	11	1978	
523	1447	1101	586	795	
392	1939	1236	1728	1816	
554	821	1804	976	184	
1522	1446	630	1265	822	
395	1316	656	1606	1663	
1054	49	1660	1431	1726	
1006	679	370	503	1276	
1783	346	576	1009	555	
1657	148	1122	580	1082	
378	1331	380	1911	856	
715	1133	58	1485	1463	
1162	366	1656	708	1791	
704	460	1539	242	396	
1620	305	218	164	1741	
345	1960	405	1909	1943	
529	151	1484	129	1441	
655	711	711	300	944	
1702	664	440	1424	899	
1552	1940	1145	1350	541	
984	1115	905	1820	739	
290	1019	1915	852	1850	
1170	1166	422	1892	859	
388	1224	879	810	1981	
977	1494	1516	1170	1493	
1674	1466	1414	523	534	
226	29	1197	1477	314	
469	1592	139	242	1966	
234	1273	1200	887	888	
1364	907	1821	1998	175	
1522	1372	1728	395	1947	
159	173	976	1131	481	
245	1450	758	403	288	
342	1701	407	66	8	
605	827	1783	301	1478	
1229	1150	1032	1995	819	
151	954	1354	965	1150	
604	295	484	1583	1697	
155	27	786	998	386	
470	1402	979	1315	1878	
356	1065	1405	1438	570	
280	1013	221	874	24	
1132	1231	634	337	280	
279	759	76	1015	1228	
1580	1409	581	870	1026	
889	231	1243	1747	1844	
1079	1871	632	474	353	
154	433	1434	117	1555	
1713	987	177	1721	36	
867	1429	1811	1499	1117	
983	205	1856	1814	1175	
1702	1460	1541	1425	585	
1874	936	567	1642	1911	
1506	1610	120	1337	1496	
257	1826	678	1906	1127	
1100	84	1798	80	1585	
1129	800	861	1267	1570	
1294	305	1196	1748	87	
1572	1477	1540	708	1972	
1587	1280	1577	1643	35	
113	798	1010	1871	766	
237	934	1069	640	1551	
711	1456	1193	1932	1054	
1284	351	1042	124	1792	
620	510	643	963	352	
56	465	1145	136	1660	
1818	16	1623	1172	544	
1514	1301	1391	242	47	
513	537	1579	837	961	
619	353	938	194	1337	
1308	957	82	1368	838	
1286	143	703	1827	1413	
1223	1739	692	495	1732	
649	1354	342	1766	605	
730	1607	1906	930	1375	
1672	831	846	324	1037	
1984	864	449	1892	1646	
533	51	63	361	842	
1106	554	268	958	260	
975	1935	1662	1809	160	
658	330	1286	601	861	
1938	20	1692	899	884	
784	38	49	750	386	
241	182	1151	1152	1917	
1653	1904	1701	1793	1488	
1248	1616	165	73	1474	
1620	1907	1093	1067	863	
60	74	279	986	1977	
1770	966	404	1917	916	
441	1272	67	583	143	
1033	1262	1824	530	1745	
1266	594	386	589	469	
241	1790	1960	752	910	
248	1225	1149	1074	1823	
724	305	584	280	1869	
741	610	1954	1018	135	
1084	552	1471	1439	994	
156	646	720	968	927	
22	1526	29	1506	313	
819	746	1232	1108	148	
141	1746	235	1702	1421	
305	1799	715	1774	456	
161	1556	499	428	1330	
1911	1046	301	731	1736	
267	1524	104	17	1206	
301	50	1351	764	8	
799	1092	1423	445	1046	
1105	1808	102	485	587	
1429	1953	1877	1447	965	
916	1338	1916	276	722	
632	893	1902	633	895	
1937	1031	1312	740	1093	
249	596	531	410	87	
120	582	193	1585	1254	
472	1608	899	377	1009	
76	1713	383	1550	1286	
1166	1047	187	1480	55	
433	54	819	658	518	
1583	1064	701	1295	599	
773	858	586	1203	1927	
1846	758	1440	1407	1551	
914	826	1962	1256	254	
1674	1379	902	1659	1414	
1461	1978	753	210	1555	
1092	1112	1762	358	1107	
1498	316	431	59	48	
312	1570	553	1174	668	
184	1602	1262	1603	662	
910	1497	1132	1633	1389	
1655	958	311	300	633	
78	56	748	970	1614	
1368	344	1308	1606	1521	
1171	422	902	960	702	
1313	1213	410	468	1725	
1641	356	1154	955	1630	
852	1142	406	298	1495	
1785	784	55	467	1223	
1659	562	1	71	226	
484	1826	706	767	45	
1906	566	852	798	1325	
1692	1048	1596	1927	1741	
353	1040	313	242	805	
1143	1045	1301	1559	1137	
1672	304	1592	539	719	
633	1084	79	1732	287	
920	148	1975	1405	1239	
1712	1223	1891	1611	795	
244	758	1086	307	488	
1264	1428	788	1512	999	
1893	995	1682	905	1413	
1533	954	1378	973	1702	
1307	1651	1597	692	1313	
1066	157	1099	426	1389	
1174	1163	806	886	996	
747	673	1902	1354	1126	
1885	1660	895	1254	766	
1951	1585	583	872	1174	
82	1338	884	637	1353	
1136	1045	1307	1651	1254	
1042	1553	1416	172	1294	
1317	1256	520	367	1601	
608	1529	999	1563	1313	
1166	231	1873	365	806	
1118	1072	1030	1191	1679	
1470	1365	129	714	1893	
1364	1470	1357	844	1133	
1945	1760	1334	741	1641	
1182	464	774	220	1212	
1405	1370	350	1206	1665	
860	1910	943	1460	871	
1577	1580	322	1844	943	
1889	1391	1045	1054	1345	
821	415	1975	1067	1710	
709	1630	1860	317	1783	
904	93	1262	971	1915	
1003	1976	1432	510	885	
1264	350	199	698	1132	
131	1109	265	1614	50	
1304	1410	1457	75	1650	
1956	1781	376	1105	558	
1188	1976	1517	705	433	
1031	884	1057	761	1374	
1278	1217	357	1402	473	
1486	505	922	368	1799	
353	694	1245	289	824	
1584	401	1231	1482	1215	
184	1371	1151	1384	1110	
1746	731	1051	1619	25	
973	897	956	742	434	
1369	92	531	1289	568	
1848	99	1914	82	128	
446	1909	1088	1880	1807	
1842	1982	267	1413	1840	
520	1500	1328	1707	1055	
781	227	1412	1979	1730	
261	997	1700	1132	1494	
1675	10	1556	1453	294	
178	483	536	745	1432	
461	1665	1368	1473	991	
1537	111	1892	1571	1733	
770	1543	453	1318	117	
128	1861	774	623	250	
1981	290	492	551	997	
1444	608	1745	454	1964	
1719	1971	1026	1600	329	
1231	1684	1802	933	1347	
1130	1498	584	38	225	
887	777	1697	556	1184	
1491	432	934	1653	771	
1108	1066	328	545	1100	
11	218	220	238	1827	
101	369	1585	586	1157	
1522	314	982	1726	824	
536	173	1965	1371	966	
976	1132	934	417	552	
1484	501	1645	332	1607	
1245	779	720	1917	1384	
761	1870	128	1455	94	
1116	878	962	269	266	
843	55	615	1290	1121	
1328	283	1840	270	1824	
1319	18	222	1702	1025	
359	1455	279	1429	1901	
1278	1375	711	1432	1581	
1044	763	1274	204	508	
1763	15	290	977	1137	
1916	223	1576	363	1838	
1673	520	1239	793	1749	
1654	1737	1494	108	1084	
206	779	973	580	73	
556	1770	344	212	1402	
1044	1808	1409	1833	1586	
941	6	1795	282	146	
31	1559	334	507	760	
1401	1850	516	233	770	
1551	1532	1108	1598	113	
375	1615	1424	298	1038	
1544	566	1030	1940	1186	
91	860	1516	1571	1898	
1531	1895	934	1578	280	
1085	524	1857	28	972	
372	1947	1576	1674	769	
806	1386	757	1776	1245	
815	51	680	1250	53	
909	1947	198	248	430	
1564	133	1826	275	881	
1993	1604	1537	1360	582	
1328	1555	151	148	1007	
787	1501	890	1818	1558	
137	1934	594	1970	727	
1423	1314	134	1476	1153	
1877	958	188	1410	1322	
901	188	772	1862	1096	
1043	771	554	1577	554	
518	951	1854	449	310	
1207	930	1569	820	1987	
92	186	1885	1848	1621	
324	338	1880	1101	1312	
7	372	790	1294	1873	
797	761	282	341	809	
986	1840	1860	972	1960	
97	1312	1317	1760	1453	
1711	1153	1177	1625	672	
1908	819	336	1494	792	
566	496	288	1463	137	
508	150	1226	1989	848	
1188	1970	1945	1046	267	
1384	1225	17	1485	54	
1517	1297	986	1024	1405	
44	1903	1822	1395	1100	
1264	18	366	331	307	
1848	287	1549	1855	1124	
1484	1047	507	1828	935	
535	1299	309	856	840	
1660	1128	1532	1336	1118	
770	1502	590	902	121	
530	811	1510	1946	429	
78	1993	1923	40	1418	
1293	200	665	1224	1335	
180	119	984	531	1287	
386	1547	287	427	1146	
791	1638	241	23	1187	
191	778	188	302	144	
787	1630	1529	605	1367	
119	1471	1500	330	1177	
958	772	286	1778	885	
784	1719	1407	869	743	
552	1523	1718	771	1669	
1058	684	1284	1721	900	
564	1388	1934	1802	1991	
173	1989	657	63	584	
706	463	895	677	569	
119	1533	154	305	206	
1043	1187	591	258	1084	
925	1867	0	1137	397	
1817	1651	1034	1831	763	
1632	1941	358	1357	1534	
1823	952	775	121	1480	
479	526	1328	1969	452	
741	956	1808	324	799	
660	982	1231	327	985	
1214	1291	774	973	1616	
92	241	1601	1202	1563	
234	1417	1947	956	733	
1728	556	1522	1937	35	
1092	819	1582	36	1722	
802	1461	148	1175	1986	
945	964	1258	1942	522	
1445	1849	1693	1257	1797	
1399	1301	565	171	1874	
786	1274	1743	1096	1361	
313	432	1475	850	1708	
491	506	1668	1757	1576	
